:name
truncated octahedron
:number
12
:symbol
t{3,4}	@K sub 3 @
:dual
tetrakis hexahedron
:sfaces
14 6{4} 8{6}
:svertices
24 24(@4@.@6 sup 2@)
:net
14 6
4 3 2 5 6
6 2 0 1 4 8 5
6 9 5 8 12 16 13
4 8 7 11 12
4 17 16 20 21
6 16 12 15 19 25 20
6 26 20 25 29 33 30
4 25 24 28 29
4 34 33 37 38
6 33 29 32 36 40 37
6 41 37 40 43 45 44
4 40 39 42 43
6 27 22 26 30 35 31
6 15 10 14 18 23 19
:hinges
13
0 1 1 5 2.1862760354652839
1 4 2 1 1.9106332362490186
2 2 3 3 2.1862760354652839
4 1 5 5 2.1862760354652839
5 4 6 1 1.9106332362490186
6 2 7 3 2.1862760354652839
5 0 2 3 1.9106332362490186
8 1 9 5 2.1862760354652839
9 4 10 1 1.9106332362490186
10 2 11 3 2.1862760354652839
9 0 6 3 1.9106332362490186
12 2 6 5 1.9106332362490186
13 5 5 2 1.9106332362490186
:dih
2
24 4 6 2.1862760354652839
12 6 6 1.9106332362490185
:vertices
46
-1[-1] -1.36602540378444[(-1/2+(-1/2)*sqrt(3))] 0[0]
-.5[-1/2] -2.23205080756888[(-1/2-sqrt(3))] 0[0]
-.5[-1/2] -.5[-1/2] 0[0]
-.5[-1/2] .5[1/2] 0[0]
.5[1/2] -2.23205080756888[(-1/2-sqrt(3))] 0[0]
.5[1/2] -.5[-1/2] 0[0]
.5[1/2] .5[1/2] 0[0]
1[1] -2.36602540378444[(-3/2+(-1/2)*sqrt(3))] 0[0]
1[1] -1.36602540378444[(-1/2+(-1/2)*sqrt(3))] 0[0]
1[1] .366025403784439[(-1/2+(1/2)*sqrt(3))] 0[0]
2[2] -3.09807621135332[(-1/2+(-3/2)*sqrt(3))] 0[0]
2[2] -2.36602540378444[(-3/2+(-1/2)*sqrt(3))] 0[0]
2[2] -1.36602540378444[(-1/2+(-1/2)*sqrt(3))] 0[0]
2[2] .366025403784439[(-1/2+(1/2)*sqrt(3))] 0[0]
2.5[5/2] -3.96410161513775[(-1/2-2*sqrt(3))] 0[0]
2.5[5/2] -2.23205080756888[(-1/2-sqrt(3))] 0[0]
2.5[5/2] -.5[-1/2] 0[0]
2.5[5/2] .5[1/2] 0[0]
3.5[7/2] -3.96410161513775[(-1/2-2*sqrt(3))] 0[0]
3.5[7/2] -2.23205080756888[(-1/2-sqrt(3))] 0[0]
3.5[7/2] -.5[-1/2] 0[0]
3.5[7/2] .5[1/2] 0[0]
3.5[7/2] 1.23205080756888[(-1/2+sqrt(3))] 0[0]
4[4] -3.09807621135332[(-1/2+(-3/2)*sqrt(3))] 0[0]
4[4] -2.36602540378444[(-3/2+(-1/2)*sqrt(3))] 0[0]
4[4] -1.36602540378444[(-1/2+(-1/2)*sqrt(3))] 0[0]
4[4] .366025403784439[(-1/2+(1/2)*sqrt(3))] 0[0]
4[4] 2.09807621135332[(-1/2+(3/2)*sqrt(3))] 0[0]
5[5] -2.36602540378444[(-3/2+(-1/2)*sqrt(3))] 0[0]
5[5] -1.36602540378444[(-1/2+(-1/2)*sqrt(3))] 0[0]
5[5] .366025403784439[(-1/2+(1/2)*sqrt(3))] 0[0]
5[5] 2.09807621135332[(-1/2+(3/2)*sqrt(3))] 0[0]
5.5[11/2] -2.23205080756888[(-1/2-sqrt(3))] 0[0]
5.5[11/2] -.5[-1/2] 0[0]
5.5[11/2] .5[1/2] 0[0]
5.5[11/2] 1.23205080756888[(-1/2+sqrt(3))] 0[0]
6.5[13/2] -2.23205080756888[(-1/2-sqrt(3))] 0[0]
6.5[13/2] -.5[-1/2] 0[0]
6.5[13/2] .5[1/2] 0[0]
7[7] -2.36602540378444[(-3/2+(-1/2)*sqrt(3))] 0[0]
7[7] -1.36602540378444[(-1/2+(-1/2)*sqrt(3))] 0[0]
7[7] .366025403784439[(-1/2+(1/2)*sqrt(3))] 0[0]
8[8] -2.36602540378444[(-3/2+(-1/2)*sqrt(3))] 0[0]
8[8] -1.36602540378444[(-1/2+(-1/2)*sqrt(3))] 0[0]
8[8] .366025403784439[(-1/2+(1/2)*sqrt(3))] 0[0]
8.5[17/2] -.5[-1/2] 0[0]
:EOF
