:name
snub disphenoid (J84)
:number
128
:symbol
	@sS sub 2 @
:sfaces
12 12{3}
:svertices
8 4(@3 sup 4@) 4(@3 sup 5@)
:net
12 3
3 6 5 11
3 11 5 10
3 11 10 13
3 4 5 1
3 5 4 10
3 10 4 9
3 4 3 9
3 9 3 8
3 9 8 12
3 2 3 0
3 3 2 8
3 8 2 7
:solid
12 3
3 20 21 17
3 17 21 19
3 17 19 15
3 18 21 20
3 21 18 19
3 19 18 15
3 18 16 15
3 15 16 14
3 15 14 17
3 20 16 18
3 16 20 14
3 14 20 17
:hinges
11
0 1 1 0 2.1243711322962
1 1 4 2 1.67897765159768
1 2 2 0 2.1243711322962
3 0 4 0 2.1243711322962
5 0 4 1 2.1243711322962
6 1 7 0 2.1243711322962
7 1 10 2 1.67897765159768
7 2 8 0 2.1243711322962
9 0 10 0 2.1243711322962
11 0 10 1 2.1243711322962
5 1 6 2 2.90493570329298
:dih
3
4 3 3 2.90493570329298
8 3 3 2.1243711322962
6 3 3 1.67897765159768
:vertices
22 14
-1.15470053837925[(-2/3)*sqrt(3)] -3[-3] 0[0]
-1.15470053837925[(-2/3)*sqrt(3)] -1[-1] 0[0]
-.288675134594813[(-1/6)*sqrt(3)] -3.5[-7/2] 0[0]
-.288675134594813[(-1/6)*sqrt(3)] -2.5[-5/2] 0[0]
-.288675134594813[(-1/6)*sqrt(3)] -1.5[-3/2] 0[0]
-.288675134594813[(-1/6)*sqrt(3)] -.5[-1/2] 0[0]
-.288675134594813[(-1/6)*sqrt(3)] .5[1/2] 0[0]
.577350269189626[(1/3)*sqrt(3)] -4[-4] 0[0]
.577350269189626[(1/3)*sqrt(3)] -3[-3] 0[0]
.577350269189626[(1/3)*sqrt(3)] -2[-2] 0[0]
.577350269189626[(1/3)*sqrt(3)] -1[-1] 0[0]
.577350269189626[(1/3)*sqrt(3)] 0[0] 0[0]
1.44337567297406[(5/6)*sqrt(3)] -2.5[-5/2] 0[0]
1.44337567297406[(5/6)*sqrt(3)] -.5[-1/2] 0[0]
1.5274110837206823 -2.4375198060590535 -1.8117965379022195
1.5658715666952053 -2.9686564127678358 -2.6582705597014752
1.6349014787696527 -3.431019704933614 -1.7743296737626224
2.2318659767967796 -2.2414198613498191 -2.4934144266188179
2.3709744999559137 -3.521920087550848 -2.4451005623784335
2.3842644765582782 -2.9012037995452984 -3.2289571174089228
2.4382824263484039 -2.8385543688901426 -1.7184094049917736
3.0608506173729518 -2.7999741292938494 -2.4995849573162234
:EOF
