:name
sphenomegacorona (J88)
:number
132
:symbol
	@V sub 2 @
:sfaces
18 16{3} 2{4}
:svertices
12 2(@3 sup 4@) 2(@3 sup 2@.@4 sup 2@) 2(@3 sup 5@) 2(@3 sup 5@) 4(@3 sup 4@.@4@)
:net
18 4
4 7 11 8 4
3 2 7 4
3 9 7 5
3 9 11 7
3 4 6 1
3 4 8 6
3 3 7 2
3 2 4 0
4 12 8 11 15
3 17 12 15
3 10 12 14
3 10 8 12
3 15 13 18
3 15 11 13
3 16 17 20
3 16 12 17
3 17 19 21
3 17 15 19
:solid
18 4
4 29 27 31 32
3 28 29 32
3 25 29 23
3 25 27 29
3 32 33 30
3 32 31 33
3 23 29 28
3 28 32 30
4 26 31 27 22
3 24 26 22
3 33 26 30
3 33 31 26
3 22 25 23
3 22 27 25
3 30 24 28
3 30 26 24
3 24 23 28
3 24 22 23
:hinges
17
0 3 1 1 2.39528986543702
2 0 3 2 2.25923175397044
3 1 0 0 2.70041220378012
4 0 5 2 2.25923175397044
5 0 0 2 2.70041220378012
6 1 1 0 2.50870717799578
7 0 1 2 2.50870717799578
8 3 9 1 2.39528986543702
10 0 11 2 2.25923175397044
11 1 8 0 2.70041220378012
12 0 13 2 2.25923175397044
13 0 8 2 2.70041220378012
14 0 15 2 2.04979224373112
15 1 9 0 2.50870717799578
16 0 17 2 2.04979224373112
17 0 9 2 2.50870717799578
8 1 0 1 1.27362008468518
:dih
9
-4 3 3 2.9957849389961
-1 3 3 2.81840615748855
4 3 3 2.50870717799578
4 3 3 2.25923175397044
4 3 3 2.04979224373112
-4 3 3 1.51367073074976
4 3 4 2.70041220378012
2 3 4 2.39528986543702
1 4 4 1.27362008468518
:vertices
34 22
-2.54903810567666[(-5/4+(-3/4)*sqrt(3))] .81698729810778101[(5/4+(-1/4)*sqrt(3))] 0[0]
-2.18301270189222[(-7/4+(-1/4)*sqrt(3))] 1.54903810567666[(1/4+(3/4)*sqrt(3))] 0[0]
-2.04903810567666[(-3/4+(-3/4)*sqrt(3))] -.68301270189221901[(-1/4+(-1/4)*sqrt(3))] 0[0]
-1.54903810567666[(-1/4+(-3/4)*sqrt(3))] -2.18301270189222[(-7/4+(-1/4)*sqrt(3))] 0[0]
-1[-1] .5[1/2] 0[0]
-.81698729810778101[(-5/4+(1/4)*sqrt(3))] -2.54903810567666[(-5/4+(-3/4)*sqrt(3))] 0[0]
-.68301270189221901[(-1/4+(-1/4)*sqrt(3))] 2.04903810567666[(3/4+(3/4)*sqrt(3))] 0[0]
-.5[-1/2] -1[-1] 0[0]
.5[1/2] 1[1] 0[0]
.68301270189221901[(1/4+(1/4)*sqrt(3))] -2.04903810567666[(-3/4+(-3/4)*sqrt(3))] 0[0]
.81698729810778101[(5/4+(-1/4)*sqrt(3))] 2.54903810567666[(5/4+(3/4)*sqrt(3))] 0[0]
1[1] -.5[-1/2] 0[0]
2[2] 1.5[3/2] 0[0]
2.18301270189222[(7/4+(1/4)*sqrt(3))] -1.54903810567666[(-1/4+(-3/4)*sqrt(3))] 0[0]
2.31698729810778[(11/4+(-1/4)*sqrt(3))] 3.04903810567666[(7/4+(3/4)*sqrt(3))] 0[0]
2.5[5/2] 0[0] 0[0]
3.04903810567666[(7/4+(3/4)*sqrt(3))] 2.68301270189222[(9/4+(1/4)*sqrt(3))] 0[0]
3.54903810567666[(9/4+(3/4)*sqrt(3))] 1.18301270189222[(3/4+(1/4)*sqrt(3))] 0[0]
3.68301270189222[(13/4+(1/4)*sqrt(3))] -1.04903810567666[(1/4+(-3/4)*sqrt(3))] 0[0]
4.04903810567666[(11/4+(3/4)*sqrt(3))] -.316987298107781[(-3/4+(1/4)*sqrt(3))] 0[0]
4.59807621135332[(2+(3/2)*sqrt(3))] 2.36602540378444[(3/2+(1/2)*sqrt(3))] 0[0]
5.09807621135332[(5/2+(3/2)*sqrt(3))] .866025403784439[(1/2)*sqrt(3)] 0[0]
-5.1393174775428929 -6.4356967096898658 -1.9798102036351451
-5.0455221961774503 -6.133411136606041 -.43067346304621851
-4.998510925243431 -4.9448397155615323 -1.472346965667925
-4.987200696285929 -7.6257216533886811 -.94990726152031311
-4.2812030101654498 -5.3967428988756334 -2.8069828215765951
-4.0220885268230617 -7.5328780540256212 -2.1988822678401698
-3.757197646615639 -5.2223186443843514 -.53312209825082306
-3.6627656243198595 -6.7664241494868242 -.86342898750651935
-3.5785887928366443 -4.3573356740054854 -1.8447122535767787
-3.1639740594456185 -6.4939242432113889 -3.0260548857816199
-2.8046511569424161 -5.7274703386725924 -1.6906016054479693
-2.7851040190065284 -4.9595543509855794 -3.0726008446645943
:EOF
