:name
hebesphenomegacorona (J89)
:number
133
:symbol
	@U sub 2 @
:sfaces
21 18{3} 3{4}
:svertices
14 4(@3 sup 2@.@4 sup 2@) 2(@3 sup 5@) 4(@3 sup 5@) 4(@3 sup 4@.@4@)
:net
21 4
4 7 11 8 4
3 2 7 4
3 9 7 5
3 9 11 7
3 4 6 1
3 4 8 6
3 3 7 2
3 2 4 0
4 15 12 8 11
3 8 12 10
3 15 11 13
4 16 12 15 19
3 21 16 19
3 14 16 18
3 14 12 16
3 19 17 22
3 19 15 17
3 20 21 24
3 20 16 21
3 21 23 25
3 21 19 23
:solid
21 4
4 34 33 38 39
3 35 34 39
3 27 34 28
3 27 33 34
3 39 37 36
3 39 38 37
3 28 34 35
3 35 39 36
4 29 32 38 33
3 38 32 37
3 29 33 27
4 31 32 29 26
3 30 31 26
3 37 31 36
3 37 32 31
3 26 27 28
3 26 29 27
3 36 30 35
3 36 31 30
3 30 28 35
3 30 26 28
:hinges
20
0 3 1 1 2.66992711951195
2 0 3 2 2.74275098255141
3 1 0 0 2.33826608026491
4 0 5 2 2.74275098255141
5 0 0 2 2.33826608026491
6 1 1 0 2.46686775731603
7 0 1 2 2.46686775731603
9 0 8 1 2.33826608026491
10 0 8 3 2.33826608026491
11 3 12 1 2.66992711951195
13 0 14 2 2.74275098255141
14 1 11 0 2.33826608026491
15 0 16 2 2.74275098255141
16 0 11 2 2.33826608026491
17 0 18 2 2.24268021489736
18 1 12 0 2.46686775731603
19 0 20 2 2.24268021489736
20 0 12 2 2.46686775731603
11 1 8 0 1.78937457492313
8 2 0 1 1.78937457492313
:dih
8
8 3 3 2.74275098255141
-1 3 3 2.61039684760851
4 3 3 2.46686775731603
8 3 3 2.24268021489736
-2 3 3 1.95013879157905
2 3 4 2.66992711951195
6 3 4 2.33826608026491
2 4 4 1.78937457492313
:vertices
40 26
-2.54903810567666[(-5/4+(-3/4)*sqrt(3))] .81698729810778101[(5/4+(-1/4)*sqrt(3))] 0[0]
-2.18301270189222[(-7/4+(-1/4)*sqrt(3))] 1.54903810567666[(1/4+(3/4)*sqrt(3))] 0[0]
-2.04903810567666[(-3/4+(-3/4)*sqrt(3))] -.68301270189221901[(-1/4+(-1/4)*sqrt(3))] 0[0]
-1.54903810567666[(-1/4+(-3/4)*sqrt(3))] -2.18301270189222[(-7/4+(-1/4)*sqrt(3))] 0[0]
-1[-1] .5[1/2] 0[0]
-.81698729810778101[(-5/4+(1/4)*sqrt(3))] -2.54903810567666[(-5/4+(-3/4)*sqrt(3))] 0[0]
-.68301270189221901[(-1/4+(-1/4)*sqrt(3))] 2.04903810567666[(3/4+(3/4)*sqrt(3))] 0[0]
-.5[-1/2] -1[-1] 0[0]
.5[1/2] 1[1] 0[0]
.68301270189221901[(1/4+(1/4)*sqrt(3))] -2.04903810567666[(-3/4+(-3/4)*sqrt(3))] 0[0]
.81698729810778101[(5/4+(-1/4)*sqrt(3))] 2.54903810567666[(5/4+(3/4)*sqrt(3))] 0[0]
1[1] -.5[-1/2] 0[0]
2[2] 1.5[3/2] 0[0]
2.18301270189222[(7/4+(1/4)*sqrt(3))] -1.54903810567666[(-1/4+(-3/4)*sqrt(3))] 0[0]
2.31698729810778[(11/4+(-1/4)*sqrt(3))] 3.04903810567666[(7/4+(3/4)*sqrt(3))] 0[0]
2.5[5/2] 0[0] 0[0]
3.5[7/2] 2[2] 0[0]
3.68301270189222[(13/4+(1/4)*sqrt(3))] -1.04903810567666[(1/4+(-3/4)*sqrt(3))] 0[0]
3.81698729810778[(17/4+(-1/4)*sqrt(3))] 3.54903810567666[(9/4+(3/4)*sqrt(3))] 0[0]
4[4] .5[1/2] 0[0]
4.54903810567666[(13/4+(3/4)*sqrt(3))] 3.18301270189222[(11/4+(1/4)*sqrt(3))] 0[0]
5.04903810567666[(15/4+(3/4)*sqrt(3))] 1.68301270189222[(5/4+(1/4)*sqrt(3))] 0[0]
5.18301270189222[(19/4+(1/4)*sqrt(3))] -.54903810567665801[(3/4+(-3/4)*sqrt(3))] 0[0]
5.54903810567666[(17/4+(3/4)*sqrt(3))] .183012701892219[(-1/4+(1/4)*sqrt(3))] 0[0]
6.09807621135332[(7/2+(3/2)*sqrt(3))] 2.86602540378444[(2+(1/2)*sqrt(3))] 0[0]
6.59807621135332[(4+(3/2)*sqrt(3))] 1.36602540378444[(1/2+(1/2)*sqrt(3))] 0[0]
-4.2813369860125861 -4.158584663717826 -9.2324279917721441
-4.064004129378856 -5.7159902795237062 -9.3974914501135092
-3.9497036951321801 -5.0488701026147272 -7.9685466334642676
-3.8585827143091437 -4.7535491711769421 -10.635031307261034
-3.6434350480078813 -3.4978543016274185 -7.9453706868700946
-3.1896546100160458 -3.0249294192831716 -9.3842679624793113
-2.7669003383126033 -3.619893926742288 -10.7868712779682
-2.7294156219429735 -5.788302899981292 -10.242263693724961
-2.6624683753743131 -5.6420943609337013 -8.669323412186452
-2.5142756017623685 -4.5326011451306878 -7.5526066400990057
-2.1251563847390059 -3.1541728237855979 -8.2223193573401523
-1.6594738168469554 -3.2190108841061097 -9.7319328776267597
-1.6377332459464324 -4.6546476555466378 -10.394103664432128
-1.5707859993777726 -4.5084391164990477 -8.8211633828936189
:EOF
