:name
tetrahemihexahedron
:number
137
:svertices
7
:net
16 3
3 3 5 6
3 0 2 3
3 3 2 5
3 5 2 1
3 9 5 4
3 11 7 9
3 9 7 5
3 5 7 6
3 16 13 12
3 17 15 16
3 16 15 13
3 13 15 14
3 9 13 11
3 8 10 9
3 9 10 13
3 13 10 12
:solid
16 3
3 23 22 24
3 18 21 23
3 23 21 22
3 22 21 18
3 19 22 18
3 24 21 19
3 19 21 22
3 22 21 24
3 23 20 18
3 24 21 23
3 23 21 20
3 20 21 24
3 19 20 24
3 18 21 19
3 19 21 20
3 20 21 18
:hinges
15
0 0 2 2 .95531661812450928
2 0 1 1 -1.5707963267948966
3 0 2 1 -1.5707963267948966
4 0 6 2 .95531661812450928
6 0 5 1 -1.5707963267948966
7 0 6 1 -1.5707963267948966
7 2 0 1 .95531661812450928
8 0 10 2 .95531661812450928
10 0 9 1 -1.5707963267948966
11 0 10 1 -1.5707963267948966
12 0 14 2 .95531661812450928
14 0 13 1 -1.5707963267948966
15 0 14 1 -1.5707963267948966
15 2 8 1 .95531661812450928
5 2 12 2 .95531661812450928
:vertices
25 18
-1.36602540378 -.211324865405 0[0]
-.86602540378400001 -1.07735026919 0[0]
-.68301270189200001 -.394337567297 0[0]
-.5[(-1/2)*11] .288675134595[(1/6)*sqrt(3)*1] 0[0]
-8.3266726846900001e-17 -1.57735026919 0[0]
0 -.57735026919[(-1/3)*sqrt(3)*1] 0[0]
.5 .288675134595[(1/6)*sqrt(3)*1] 0[0]
.68301270189200001 -.394337567297 0[0]
.86602540378400001 -2.07735026919 0[0]
.86602540378400001 -1.07735026919 0[0]
1.36602540378 -1.57735026919 0[0]
1.36602540378 -.211324865405 0[0]
1.86602540378 -2.07735026919 0[0]
1.86602540378 -1.07735026919 0[0]
2.36602540378 -.211324865405 0[0]
2.54903810568 -.894337567297 0[0]
2.73205080757 -1.57735026919 0[0]
3.23205080757 -.71132486540500001 0[0]
1.9940169358628587 -.35566243269371522 1.84557863754038
2.1316414545285817 -.93427707211306912 1.041672802936344
2.4880338717151991 1.9801197718531209e-12 1.0521988413179606
2.5557511543173783 -.56572292787741363 1.4709731701758223
2.6234684369145995 -1.1314458557558181 1.88974749902929
2.9798608541069637 -.19716878363837495 1.9002735374132989
3.1174853727715124 -.77578342305886739 1.0963677028091161
:EOF
