:name
small ditrigonal icosidodecahedron
:number
139
:svertices
80
:net
72 10
10 98 110 102 115 128 125 138 123 121 113
3 110 98 95
3 115 102 114
3 125 128 139
3 123 138 133
3 113 121 106
10 107 95 101 88 80 82 76 85 86 90
3 95 107 110
3 88 101 89
3 82 80 75
3 85 76 78
3 90 86 99
10 130 114 105 108 93 109 112 119 134 122
3 114 130 115
3 108 105 92
3 109 93 100
3 119 112 127
3 122 134 137
10 136 139 126 141 144 148 156 151 154 146
3 139 136 125
3 141 126 131
3 148 144 153
3 151 156 157
3 146 154 147
10 118 133 135 143 152 145 150 140 129 132
3 133 118 123
3 143 135 149
3 145 152 155
3 140 150 142
3 132 129 117
10 97 106 120 111 116 103 91 94 84 96
3 106 97 113
3 111 120 124
3 103 116 104
3 94 91 83
3 96 84 87
10 59 47 55 42 29 32 19 34 36 44
3 47 59 62
3 42 55 43
3 32 29 18
3 34 19 24
3 44 36 51
10 50 62 56 69 77 75 81 72 71 67
3 62 50 47
3 69 56 68
3 75 77 82
3 72 81 79
3 67 71 58
10 27 43 52 49 64 48 45 38 23 35
3 43 27 42
3 49 52 65
3 48 64 57
3 38 45 30
3 35 23 20
10 21 18 31 16 13 9 1 6 3 11
3 18 21 32
3 16 31 26
3 9 13 4
3 6 1 0
3 11 3 10
10 39 24 22 14 5 12 7 17 28 25
3 24 39 34
3 14 22 8
3 12 5 2
3 17 7 15
3 25 28 40
10 60 51 37 46 41 54 66 63 73 61
3 51 60 44
3 46 37 33
3 54 41 53
3 63 66 74
3 61 73 70
:solid
72 10
10 233 231 237 229 226 221 207 217 211 223
3 231 233 234
3 229 237 230
3 221 226 208
3 217 207 198
3 223 211 213
10 237 234 233 227 219 225 220 228 236 235
3 234 237 231
3 227 233 215
3 225 219 206
3 228 220 216
3 235 236 232
10 226 230 237 232 236 224 212 218 210 222
3 230 226 229
3 232 237 235
3 224 236 214
3 218 212 199
3 222 210 209
10 207 208 226 209 210 195 176 189 175 194
3 208 207 221
3 209 226 222
3 195 210 191
3 189 176 170
3 194 175 190
10 211 198 207 190 175 179 159 181 183 192
3 198 211 217
3 190 207 194
3 179 175 167
3 181 159 171
3 192 183 202
10 233 213 211 202 183 196 185 204 219 215
3 213 233 223
3 202 211 192
3 196 183 177
3 204 185 200
3 215 219 227
10 188 174 169 166 158 164 162 172 184 178
3 174 188 187
3 166 169 165
3 164 158 161
3 172 162 182
3 178 184 197
10 169 187 188 201 220 206 219 200 185 186
3 187 169 174
3 201 188 205
3 206 220 225
3 200 219 204
3 186 185 173
10 158 165 169 173 185 177 183 171 159 163
3 165 158 166
3 173 169 186
3 177 185 196
3 171 183 181
3 163 159 160
10 162 161 158 160 159 167 175 170 176 168
3 161 162 164
3 160 158 163
3 167 159 179
3 170 175 189
3 168 176 180
10 184 182 162 180 176 191 210 199 212 193
3 182 184 172
3 180 162 168
3 191 176 195
3 199 210 218
3 193 212 203
10 188 197 184 203 212 214 236 216 220 205
3 197 188 178
3 203 184 193
3 214 212 224
3 216 236 228
3 205 220 201
:hinges
71
0 0 1 0 2.489234513805425
0 2 2 0 2.489234513805425
0 4 3 0 2.489234513805425
0 6 4 0 2.489234513805425
0 8 5 0 2.489234513805425
6 0 7 0 2.489234513805425
6 2 8 0 2.489234513805425
6 4 9 0 2.489234513805425
6 6 10 0 2.489234513805425
6 8 11 0 2.489234513805425
12 0 13 0 2.489234513805425
12 2 14 0 2.489234513805425
12 4 15 0 2.489234513805425
12 6 16 0 2.489234513805425
12 8 17 0 2.489234513805425
18 0 19 0 2.489234513805425
18 2 20 0 2.489234513805425
18 4 21 0 2.489234513805425
18 6 22 0 2.489234513805425
18 8 23 0 2.489234513805425
24 0 25 0 2.489234513805425
24 2 26 0 2.489234513805425
24 4 27 0 2.489234513805425
24 6 28 0 2.489234513805425
24 8 29 0 2.489234513805425
30 0 31 0 2.489234513805425
30 2 32 0 2.489234513805425
30 4 33 0 2.489234513805425
30 6 34 0 2.489234513805425
30 8 35 0 2.489234513805425
1 2 7 2 3.8713203098167596
2 2 13 2 3.8713203098167596
3 2 19 2 3.8713203098167596
4 2 25 2 3.8713203098167596
5 2 31 2 3.8713203098167596
36 0 37 0 2.489234513805425
36 2 38 0 2.489234513805425
36 4 39 0 2.489234513805425
36 6 40 0 2.489234513805425
36 8 41 0 2.489234513805425
42 0 43 0 2.489234513805425
42 2 44 0 2.489234513805425
42 4 45 0 2.489234513805425
42 6 46 0 2.489234513805425
42 8 47 0 2.489234513805425
48 0 49 0 2.489234513805425
48 2 50 0 2.489234513805425
48 4 51 0 2.489234513805425
48 6 52 0 2.489234513805425
48 8 53 0 2.489234513805425
54 0 55 0 2.489234513805425
54 2 56 0 2.489234513805425
54 4 57 0 2.489234513805425
54 6 58 0 2.489234513805425
54 8 59 0 2.489234513805425
60 0 61 0 2.489234513805425
60 2 62 0 2.489234513805425
60 4 63 0 2.489234513805425
60 6 64 0 2.489234513805425
60 8 65 0 2.489234513805425
66 0 67 0 2.489234513805425
66 2 68 0 2.489234513805425
66 4 69 0 2.489234513805425
66 6 70 0 2.489234513805425
66 8 71 0 2.489234513805425
37 2 43 2 3.8713203098167596
38 2 49 2 3.8713203098167596
39 2 55 2 3.8713203098167596
40 2 61 2 3.8713203098167596
41 2 67 2 3.8713203098167596
9 2 45 2 3.8713203098167596
:vertices
238 158
-8.00858491306 -.141090157243 0[0]
-7.74976586795 .82483566904600001 0[0]
-7.51096124479 -2.4974539978 0[0]
-7.49664958651 -.77327763632800001 0[0]
-7.30671656237 1.50707177195 0[0]
-7.25214219969 -1.53152817152 0[0]
-7.04265908677 .11772888786 0[0]
-6.99902591825 -3.12964147689 0[0]
-6.80909289411 -.84929206861000002 0[0]
-6.76207752736 .668401204006 0[0]
-6.65797901856 -1.31791667134 0[0]
-6.60564306232 -.319287136589 0[0]
-6.54503541851 -2.2386349527 0[0]
-6.30808702762 1.55940772819 0[0]
-6.2644538591 -1.68796263656 0[0]
-6.1603553503 -3.67428051191 0[0]
-6.15165256258 .571719387599 0[0]
-6.1080193940600001 -2.67565097715 0[0]
-6.05497074617 -.0387055771803 0[0]
-6.01239684386 -.85106402646499999 0[0]
-5.92132389802 1.06033454678 0[0]
-5.8985362811300001 -1.02639391778 0[0]
-5.81046335936 -.79695611236699999 0[0]
-5.6625048529200001 2.02626037307 0[0]
-5.65402889432 -1.78464445296 0[0]
-5.55734707791 -2.39506941774 0[0]
-5.52233217153 1.34886534906 0[0]
-5.40938857147 .42814706769799999 0[0]
-5.40091261287 -3.38275775834 0[0]
-5.2778247847100001 .59061481387000001 0[0]
-5.2194555473400001 2.70849647598 0[0]
-5.16396422198 .415284922559 0[0]
-5.12139031967 -.397073526726 0[0]
-5.11615188917 -2.75234223711 0[0]
-5.02470850327 -1.00749849151 0[0]
-4.95539807173 1.31915359189 0[0]
-4.86827403823 -1.9951868321 0[0]
-4.85733284407 -1.78641641082 0[0]
-4.67481651233 1.86982590803 0[0]
-4.66634055372 -1.941078918 0[0]
-4.62376665141 -2.75343736729 0[0]
-4.60421656262 -3.38452971619 0[0]
-4.57071800353 -.116491967317 0[0]
-4.51838204728 .882137567438 0[0]
-4.41428353849 -1.10418030791 0[0]
-4.22082601259 2.76083243222 0[0]
-4.15022606288 -2.493523192 0[0]
-4.13370197908 -.55350799176600001 0[0]
-4.06439154755 1.77314409163 0[0]
-3.96770973114 1.16271912685 0[0]
-3.87488293398 .412417834523 0[0]
-3.86964450347 -1.94285087586 0[0]
-3.8112752661 .175030786251 0[0]
-3.76554599468 -3.92916875121 0[0]
-3.71321003843 -2.93053921645 0[0]
-3.67971147934 .337498532423 0[0]
-3.62176665253 -1.18569547085 0[0]
-3.4350711565 2.55029005308 0[0]
-3.4318336284 1.09465393743 0[0]
-3.42659519789 -1.26061477295 0[0]
-3.41565400373 -1.05184435167 0[0]
-3.25921953869 -2.03953269226 0[0]
-3.16777615279 -.294688946663 0[0]
-3.16253772229 -2.64995765704 0[0]
-3.07670320695 1.61670962659 0[0]
-3.03412930464 .80435117730100001 0[0]
-3.00610325725 -3.63764599764 0[0]
-2.88719459338 .25598336948300001 0[0]
-2.78309608458 -1.73033450587 0[0]
-2.73076012834 -.731704971112 0[0]
-2.62989914764 -1.26238673081 0[0]
-2.43320409364 1.14698989367 0[0]
-2.2767696286 .159301553076 0[0]
-2.2715311981 -2.1959671573 0[0]
-2.22895729579 -3.00832560659 0[0]
-2.18008781219 -.451123411704 0[0]
-2.13751390989 -1.26348186099 0[0]
-2.02365334715 -1.4388117523 0[0]
-1.77914596034 -2.19706228749 0[0]
-1.64744923755 .93644751453299999 0[0]
-1.40294185074 .178196979346 0[0]
-1.28908128801 .00286708803601 0[0]
-1.2465073857 -.80949136124899999 0[0]
-1.1976379021 1.74771083364 0[0]
-1.15506399979 .93535238435199999 0[0]
-1.14982556929 -1.41991632603 0[0]
-.99339110425099999 -2.40760466662 0[0]
-.79669605025 .00177195785499 0[0]
-.695835069551 -.52890980184 0[0]
-.643499113308 .469719732914 0[0]
-.539400604511 -1.51659814244 0[0]
-.420491940647 2.37703122469 0[0]
-.392465893251 -2.06496595025 0[0]
-.349891990942 -2.87732439954 0[0]
-.264057475606 1.38934288409 0[0]
-.258819045103 -.96592582628900001 0[0]
-.1673756592 .778917919312 0[0]
-.0109411941594 -.208770421283 0[0]
0[0] 0[0] 0[0]
.00523843050392 -2.35526871038 0[0]
.0084759586030399998 -3.81090482604 0[0]
.195171454637 -.0749193021007 0[0]
.253116281447 -1.59811330537 0[0]
.28661484054 1.6699244435 0[0]
.338950796783 2.66855397825 0[0]
.384680068206 -1.4356455592 0[0]
.44304930558 .68223610290500001 0[0]
.448287736084 -1.67303260748 0[0]
.54111453324600001 -2.4233338998 0[0]
.63779634965300001 -3.03375886458 0[0]
.707106781187[(1/2)*sqrt(2)*1] -.707106781187[(-1/2)*sqrt(2)*1] 0[0]
.72363086498900001 1.23290841905 0[0]
.794230814693 -4.02144720517 0[0]
.98768834059500001 -.15643446504 0[0]
1.09178684939 -2.14275234039 0[0]
1.14412280564 -1.14412280564 0[0]
1.17762136473 2.12391494324 0[0]
1.19717145352 1.49282259434 0[0]
1.23974535583 .68046414505 0[0]
1.24822131443 -3.13044068099 0[0]
1.43073764618 .525801637865 0[0]
1.44167884033 .734572059148 0[0]
1.52880287384 -2.57976836484 0[0]
1.59811330537 -.253116281447 0[0]
1.68955669128 1.49172746415 0[0]
1.69479512178 -.86354124622699999 0[0]
1.73736902409 -1.67589969551 0[0]
1.79286034945 -3.96911124893 0[0]
1.85122958682 -1.85122958682 0[0]
1.97431741498 2.12214298538 0[0]
1.98279337358 -1.68876184065 0[0]
2.09573697364 -2.60948012201 0[0]
2.13075188002 1.13445464479 0[0]
2.22743369642 .52402968001 0[0]
2.23590965503 -3.28687514603 0[0]
2.38386816146 -.463658660585 0[0]
2.47194108324 -.234220855177 0[0]
2.49472870013 -2.32094931974 0[0]
2.58580164597 -.40955074648700001 0[0]
2.62837554828 -1.22190919577 0[0]
2.68142419616 1.4150362042 0[0]
2.72505736469 -1.83233416055 0[0]
2.73376015241 2.41366573895 0[0]
2.8378586612 .427347863603 0[0]
2.88149182973 -2.82002250115 0[0]
3.11844022061 .97802017975 0[0]
3.17904786443 -.94132763636300001 0[0]
3.23138382067 .0573018983911 0[0]
3.33548232947 -1.92901597696 0[0]
3.38249769622 -.411322704342 0[0]
3.57243072035 1.86902670394 0[0]
3.61606388887 -1.37834366081 0[0]
3.8255470018 .270913398563 0[0]
3.88012136448 -2.7676865449 0[0]
4.07005438861 -.487337136624 0[0]
4.0843660469 1.23683922485 0[0]
4.32317067006 -2.085450442 0[0]
4.58198971516 -1.11952461571 0[0]
3.8142072830715827 -.81702976668938636 -.37447380102938546
4.2522073993440187 .64051051459563811 .17485871697124851
4.2674145762346055 .038818925002720999 -.62372501237940248
4.2768131284263428 -.33304692811189364 -1.1172768999792269
4.2920203053169793 -.93473851770639707 -1.9158606293310159
4.3891805389119151 -.34306224643574281 .292429898780014
4.4137862679965821 -1.316619689147173 -.99970571817338747
4.4738345947109401 -.95094364316660147 .36509288523175667
4.4890417716018315 -1.5526352327556344 -.43349084412317084
4.5475120873634149 .56776250569589131 -.77777073272980612
4.5627192642503249 -.033929083899913282 -1.5763544620807946
4.6108077342797958 -1.9345164041946795 .48266406703176767
4.7300204215947125 .52280176357925805 -1.3665281113279497
4.744533553637733 -.050134209356329799 .70459905247852517
4.7843464596195053 -1.6253832416601309 -1.3861202938274526
4.8815066932106591 -1.0337069703868084 .82217023428412115
4.9061124222961267 -2.0072644130978952 -.46996538266793143
5.0007193805305611 1.4236111973806155 -1.0270219440770895
5.0253251096090864 .45005375467233446 -2.3191575610293277
5.0488078505503352 -.47697612290651231 1.0319965850392081
5.0886207565249615 -2.0522251552119372 -1.0587227612662091
5.1224853432076011 1.0417300259423349 -.1108670329218358
5.1622982491748195 -.53351900635735234 -2.2015863792252335
5.1977408468116275 .8057144823306104 .45534784113629043
5.2469523049687222 -1.1414004030845322 -2.1289233927725321
5.3195068094869729 .42383331089551936 1.3715027522872832
5.3839254445408598 -2.1249731641177964 -2.0113522109686168
5.5411340048537392 -1.167620846864733 1.561736920547566
5.55634118174639 -1.7693124364602178 .7631531911941431
5.5657397339366832 -2.1411782895752646 .26960130359281835
5.5809469108289035 -2.7428698791690416 -.52898242575551644
5.6002983654556576 .92402127492296677 -1.6522538612199221
5.6603466921759223 1.2896973209025664 -.28745525781643294
5.7001595981352678 -.28555171139573099 -2.3781746041201458
5.782112654851231 .90781614946685603 .62869965333724576
5.8371327377023645 -1.2691244724300328 -2.2606034223168127
5.9556513801857517 1.216949311996242 -1.2400847075187449
5.970858557069894 .61525772240082881 -2.0386684368710664
5.9943412980166725 -.31177215517620437 1.3124857092006881
6.0435527561873251 -2.2588870405922869 -1.2717855247068784
6.0680187906787902 1.2069339936725966 .16962209123998295
6.1172302488285827 -.74018089173562633 -2.4146491426688927
6.1407129897781325 -1.667210769324966 .93650500340248841
6.1559201666708567 -2.2689023589207871 .13792127404968941
6.2744388091501878 .21717142550979676 1.1584399888486142
6.3294588920053033 -1.9597691963854324 -1.7308630868059856
6.4114119487158653 -.76640133552081486 1.2760111706525124
6.4512248546852634 -2.3416503678227789 -.81470817564958762
6.511273181405472 -1.9759743218429815 .550090427754781
6.5306246360326429 1.6909168322466329 -.57318100771147952
6.5458318129187841 1.0892252426527436 -1.3717647370603347
6.5552303651089385 .71735938953950208 -1.8653166246636205
6.5704375419959242 .11566779994730272 -2.663900354017589
6.7276461023166965 1.0730201171967393 .90918877749807379
6.7920647373607977 -1.4757863578090223 -2.4736661857574236
6.8646192418821502 .08944735616468876 1.0267599593044298
6.9138307000351786 -1.8576675292477805 -1.5575112746004959
6.949273297678081 -.51843404056282814 1.0994229457571464
6.9890862036437517 -2.0936830728605916 -.99129640054888553
7.0229507903335158 1.0002721082882285 -.043440672200877901
7.0627636962970651 -.57497692400993581 -2.1341600185077798
7.0862464372406073 -1.5020068015951067 1.2169941275610437
7.110852166323505 -2.4755642443032284 -.075141489390550209
7.2054591245621166 .95531136617324854 -.63219805080141255
7.2300648536401395 -.018246076533788597 -1.9243336677534936
7.3272250872376555 .57343019473605032 .28395686035384921
7.3670379932011695 -1.0018188375603693 -1.8067624859516601
7.3815511252572915 -1.5747548105036022 .26436467786167347
7.5007638125774819 .88256335727005557 -1.584827500501068
7.5488522825991796 -1.0180239630240873 .47419102861264976
7.5640594594887381 -1.6197155526132525 -.32439270073964462
7.6225297752516591 .50068218583340824 -.66867258935298807
7.6377369521422468 -.10100940376338166 -1.4672563186958243
7.6977852788593567 .26466664221858676 -.10245771529335814
7.7223910079369182 -.70889080048998855 -1.3945933322437907
7.8195512415356802 -.11721452922034223 .81369719586252742
7.8347584184248569 -.71890611881523542 .01511346651326767
7.8441569706142394 -1.0907719719292259 -.47843842109030055
7.8593641475002861 -1.6924635615180231 -1.2770221504396647
8.2973642637807672 -.23492328024235003 -.72768963243513997
:EOF
