:name
dodecadodecahedron
:number
140
:svertices
110
:net
72 10
10 64 51 41 42 28 43 44 52 66 59
4 63 50 51 64
4 26 27 42 41
4 20 33 43 28
4 54 61 52 44
4 87 76 59 66
10 57 63 58 75 86 84 102 83 82 74
4 40 50 63 57
4 59 76 75 58
4 104 103 84 86
4 111 92 83 102
4 73 62 74 82
10 14 26 38 37 49 36 35 25 13 22
4 15 27 26 14
4 51 50 37 38
4 60 48 36 49
4 24 17 25 35
4 5 8 22 13
10 21 20 32 19 18 10 2 7 3 11
4 34 33 20 21
4 42 27 19 32
4 9 6 10 18
4 0 1 7 2
4 4 12 11 3
10 68 54 53 45 29 39 30 46 56 55
4 78 61 54 68
4 43 33 45 53
4 16 23 39 29
4 31 47 46 30
4 71 70 55 56
10 94 87 65 77 67 88 97 96 114 95
4 85 76 87 94
4 52 61 77 65
4 69 89 88 67
4 116 115 96 97
4 123 105 95 114
10 131 144 154 153 167 152 151 143 129 136
4 132 145 144 131
4 169 168 153 154
4 175 162 152 167
4 141 134 143 151
4 108 119 136 129
10 138 132 137 120 109 111 93 112 113 121
4 155 145 132 138
4 136 119 120 137
4 91 92 111 109
4 84 103 112 93
4 122 133 121 113
10 181 169 157 158 146 159 160 170 182 173
4 180 168 169 181
4 144 145 158 157
4 135 147 159 146
4 171 178 170 160
4 190 187 173 182
10 174 175 163 176 177 185 193 188 192 184
4 161 162 175 174
4 153 168 176 163
4 186 189 185 177
4 195 194 188 193
4 191 183 184 192
10 127 141 142 150 166 156 165 149 139 140
4 117 134 141 127
4 152 162 150 142
4 179 172 156 166
4 164 148 149 165
4 124 125 140 139
10 101 108 130 118 128 107 98 99 81 100
4 110 119 108 101
4 143 134 118 130
4 126 106 107 128
4 79 80 99 98
4 72 90 100 81
:solid
72 10
10 210 234 236 249 272 257 268 247 231 232
4 204 225 234 210
4 243 256 249 236
4 288 271 257 272
4 275 251 247 268
4 221 223 232 231
10 206 204 210 203 201 199 196 198 197 200
4 228 225 204 206
4 232 223 203 210
4 217 214 199 201
4 205 211 198 196
4 212 219 200 197
10 266 243 236 228 206 224 218 239 255 248
4 281 256 243 266
4 234 225 228 236
4 200 219 224 206
4 222 241 239 218
4 274 264 248 255
10 299 288 272 281 266 286 292 294 305 296
4 285 271 288 299
4 249 256 281 272
4 248 264 286 266
4 284 287 294 292
4 303 290 296 305
10 259 275 268 285 299 293 304 289 283 279
4 238 251 275 259
4 257 271 285 268
4 296 290 293 299
4 301 282 289 304
4 262 260 279 283
10 201 221 231 238 259 240 246 227 209 217
4 203 223 221 201
4 247 251 238 231
4 279 260 240 259
4 253 237 227 246
4 207 214 217 209
10 229 252 265 267 291 269 270 254 233 244
4 220 245 252 229
4 273 276 267 265
4 298 278 269 291
4 263 250 254 270
4 216 230 244 233
10 235 220 229 213 202 205 196 207 209 215
4 258 245 220 235
4 244 230 213 229
4 208 211 205 202
4 199 214 207 196
4 227 237 215 209
10 295 273 265 258 235 253 246 262 283 277
4 297 276 273 295
4 252 245 258 265
4 215 237 253 235
4 240 260 262 246
4 289 282 277 283
10 300 298 291 297 295 301 304 303 305 302
4 280 278 298 300
4 267 276 297 291
4 277 282 301 295
4 293 290 303 304
4 294 287 302 305
10 242 263 270 280 300 284 292 274 255 261
4 226 250 263 242
4 269 278 280 270
4 302 287 284 300
4 286 264 274 292
4 239 241 261 255
10 202 216 233 226 242 222 218 212 197 208
4 213 230 216 202
4 254 250 226 233
4 261 241 222 242
4 224 219 212 218
4 198 211 208 197
:hinges
71
0 0 1 2 2.0344439357957027
0 2 2 2 2.0344439357957027
0 4 3 2 2.0344439357957027
0 6 4 2 2.0344439357957027
0 8 5 2 2.0344439357957027
6 0 7 2 2.0344439357957027
6 2 8 2 2.0344439357957027
6 4 9 2 2.0344439357957027
6 6 10 2 2.0344439357957027
6 8 11 2 2.0344439357957027
12 0 13 2 2.0344439357957027
12 2 14 2 2.0344439357957027
12 4 15 2 2.0344439357957027
12 6 16 2 2.0344439357957027
12 8 17 2 2.0344439357957027
18 0 19 2 2.0344439357957027
18 2 20 2 2.0344439357957027
18 4 21 2 2.0344439357957027
18 6 22 2 2.0344439357957027
18 8 23 2 2.0344439357957027
24 0 25 2 2.0344439357957027
24 2 26 2 2.0344439357957027
24 4 27 2 2.0344439357957027
24 6 28 2 2.0344439357957027
24 8 29 2 2.0344439357957027
30 0 31 2 2.0344439357957027
30 2 32 2 2.0344439357957027
30 4 33 2 2.0344439357957027
30 6 34 2 2.0344439357957027
30 8 35 2 2.0344439357957027
1 0 7 1 4.2487413713838837
2 0 13 1 4.2487413713838837
3 0 19 1 4.2487413713838837
4 0 25 1 4.2487413713838837
5 0 31 1 4.2487413713838837
36 0 37 2 2.0344439357957027
36 2 38 2 2.0344439357957027
36 4 39 2 2.0344439357957027
36 6 40 2 2.0344439357957027
36 8 41 2 2.0344439357957027
42 0 43 2 2.0344439357957027
42 2 44 2 2.0344439357957027
42 4 45 2 2.0344439357957027
42 6 46 2 2.0344439357957027
42 8 47 2 2.0344439357957027
48 0 49 2 2.0344439357957027
48 2 50 2 2.0344439357957027
48 4 51 2 2.0344439357957027
48 6 52 2 2.0344439357957027
48 8 53 2 2.0344439357957027
54 0 55 2 2.0344439357957027
54 2 56 2 2.0344439357957027
54 4 57 2 2.0344439357957027
54 6 58 2 2.0344439357957027
54 8 59 2 2.0344439357957027
60 0 61 2 2.0344439357957027
60 2 62 2 2.0344439357957027
60 4 63 2 2.0344439357957027
60 6 64 2 2.0344439357957027
60 8 65 2 2.0344439357957027
66 0 67 2 2.0344439357957027
66 2 68 2 2.0344439357957027
66 4 69 2 2.0344439357957027
66 6 70 2 2.0344439357957027
66 8 71 2 2.0344439357957027
37 0 43 1 4.2487413713838837
38 0 49 1 4.2487413713838837
39 0 55 1 4.2487413713838837
40 0 61 1 4.2487413713838837
41 0 67 1 4.2487413713838837
10 0 45 1 4.2487413713838837
:vertices
306 196
-5.56475613201 -.828230060909 0[0]
-4.97418185902 -1.63521334951 0[0]
-4.61477193005 -.51593210058100001 0[0]
-4.60918688543 -2.13395645022 0[0]
-4.60573513803 -3.13395049292 0[0]
-4.3982294226600001 1.79384610387 0[0]
-4.25322870386 -.0146811585885 0[0]
-4.02419765706 -1.32291538918 0[0]
-3.80765514967 .98686281526499999 0[0]
-3.66823947549 .796359902449 0[0]
-3.66265443087 -.821664447191 0[0]
-3.65920268347 -1.82165848989 0[0]
-3.65575093607 -2.8216525326 0[0]
-3.4482452207 2.1061440642 0[0]
-3.44266017609 .488119714556 0[0]
-3.43920842868 -.51187432814600001 0[0]
-3.43149008685 -2.74792898472 0[0]
-3.08670199452 2.60739500619 0[0]
-3.0776652025 -.0106233861535 0[0]
-3.0742134551 -1.01061742886 0[0]
-3.07208015788 -1.62864773579 0[0]
-3.06862841048 -2.6286417785 0[0]
-2.85767094771 1.29916077559 0[0]
-2.84091581386 -3.55491227333 0[0]
-2.50171276614 3.41843606723 0[0]
-2.49612772153 1.80041171759 0[0]
-2.49267597413 .800417674884 0[0]
-2.48922422672 -.199576367818 0[0]
-2.48709092951 -.817606674756 0[0]
-2.48150588489 -2.4356310244 0[0]
-2.47592084027 -4.05365537403 0[0]
-2.47246909287 -5.05364941674 0[0]
-2.12209595592 -1.31634977547 0[0]
-2.11996265871 -1.9343800824 0[0]
-2.1165109113 -2.9343741251 0[0]
-1.91113849316 2.61145277862 0[0]
-1.90768674575 1.61145873592 0[0]
-1.90555344854 .99342842898399999 0[0]
-1.90210170114 -.0065656137184600001 0[0]
-1.8909316119 -3.242614313 0[0]
-1.54401022235 1.49467937098 0[0]
-1.54055847495 .494685328274 0[0]
-1.53710672755 -.50530871442800001 0[0]
-1.53497343033 -1.12333902137 0[0]
-1.53152168293 -2.12333306407 0[0]
-1.52938838572 -2.741363371 0[0]
-1.52593663831 -3.74135741371 0[0]
-1.52248489091 -4.74135145641 0[0]
-1.32269751738 2.42249979696 0[0]
-.955569246578 1.30572638931 0[0]
-.953435949363 .687696082374 0[0]
-.949984201961 -.312297960328 0[0]
-.94653245455899999 -1.31229200303 0[0]
-.944399157344 -1.93032230997 0[0]
-.94094740994200001 -2.93031635267 0[0]
-.93881411272699999 -3.54834665961 0[0]
-.93536236532500001 -4.54834070231 0[0]
-.594026020391 1.8069773313 0[0]
-.588440975774 .188952981665 0[0]
-.584989228372 -.811041061037 0[0]
-.370580018205 2.11676745035 0[0]
-.35595818157 -2.11927529163 0[0]
-.232482794204 2.3082282733 0[0]
-.00345174740195 .99999404270200001 0[0]
2.43975923148e-16 2.77555756156e-17 0[0]
.00345174740195 -.99999404270200001 0[0]
.00558504461694 -1.61802434964 0[0]
.0090367920188900002 -2.61801839234 0[0]
.0111700892339 -3.23604869928 0[0]
.0124885394208 -3.61801243504 0[0]
.0133033864489 -3.85407900622 0[0]
.0167551338508 -4.85407304892 0[0]
.351187983981 3.5012330701 0[0]
.352506434168 3.11926933433 0[0]
.358091478785 1.5012449847 0[0]
.361543226187 .501250941993 0[0]
.364994973589 -.498743100709 0[0]
.594026020391 -1.8069773313 0[0]
.59615931760599999 -2.42500763824 0[0]
.930592167736 5.93029848078 0[0]
.934043915138 4.93030443807 0[0]
.936177212353 4.31227413114 0[0]
.94308070715700001 2.31228604573 0[0]
.94653245455899999 1.31229200303 0[0]
.94866575177400001 .69426169609299999 0[0]
.949984201961 .312297960328 0[0]
.95211749917599999 -.305732346609 0[0]
.955569246578 -1.30572638931 0[0]
.95902099398 -2.30572043201 0[0]
.96247274138200001 -3.30571447472 0[0]
1.30330548316 3.19550072349 0[0]
1.52806993553 3.12332710677 0[0]
1.53152168293 2.12333306407 0[0]
1.53365498015 1.50530275713 0[0]
1.54055847495 -.494685328274 0[0]
1.54401022235 -1.49467937098 0[0]
1.54614351957 -2.11270967791 0[0]
1.54959526697 -3.11270372062 0[0]
1.88270966691 5.62456613417 0[0]
1.88616141431 4.62457209146 0[0]
1.88829471153 4.00654178453 0[0]
1.89174645893 3.00654774183 0[0]
1.89864995373 1.00655965642 0[0]
1.90078325095 .388529349483 0[0]
1.90423499835 -.611464693219 0[0]
2.12899945072 -.683638309939 0[0]
2.4698321925 5.81757688827 0[0]
2.4732839399 4.81758284556 0[0]
2.4767356873 3.81758880286 0[0]
2.4801874347 2.81759476016 0[0]
2.48232073192 2.19956445322 0[0]
2.48363918211 1.81760071746 0[0]
2.48577247932 1.19957041052 0[0]
2.48922422672 .199576367818 0[0]
2.49612772153 -1.80041171759 0[0]
2.49826101874 -2.41844202452 0[0]
2.50171276614 -3.41843606723 0[0]
2.83614561627 4.93687005179 0[0]
2.83827891349 4.31883974486 0[0]
3.06730996029 3.01060551426 0[0]
3.07076170769 2.01061147156 0[0]
3.0742134551 1.01061742886 0[0]
3.07979849971 -.60740692078399999 0[0]
3.0811169499 -.989370656549 0[0]
3.41554980003 7.36593546247 0[0]
3.41900154743 6.3659414197700001 0[0]
3.41981639446 6.12987484859 0[0]
3.42113484465 5.74791111283 0[0]
3.42326814186 5.12988080589 0[0]
3.42671988926 4.12988676319 0[0]
3.42885318648 3.51185645625 0[0]
3.43230493388 2.51186241355 0[0]
3.43575668128 1.51186837085 0[0]
3.66478772809 .203634140253 0[0]
3.78826311545 4.63113770518 0[0]
3.80288495209 .395094963202 0[0]
4.01729416225 3.32290347459 0[0]
4.02074590965 2.32290943189 0[0]
4.02633095427 .70488508224599999 0[0]
4.36766729921 7.06020311586 0[0]
4.3711190466099999 6.06020907316 0[0]
4.3732523438200001 5.44217876622 0[0]
4.37670409122 4.44218472352 0[0]
4.37883738844 3.82415441658 0[0]
4.38228913584 2.82416037388 0[0]
4.38574088324 1.82416633118 0[0]
4.38787418046 1.20613602424 0[0]
4.75500245126 .089362616592299999 0[0]
4.95478982479 7.2532138699599999 0[0]
4.9582415721899999 6.25321982726 0[0]
4.9616933196 5.25322578456 0[0]
4.96382661681 4.6351954776199999 0[0]
4.96727836421 3.63520143492 0[0]
4.96941166143 3.01717112798 0[0]
4.97286340883 2.01717708528 0[0]
4.97631515623 1.01718304257 0[0]
5.3232365457800001 5.75447672655 0[0]
5.33440663502 2.51842802727 0[0]
5.33785838242 1.51843398457 0[0]
5.33999167963 .90040367763 0[0]
5.34344342704 -.0995903650726 0[0]
5.54881584518 5.44623653866 0[0]
5.55226759259 4.44624249595 0[0]
5.5544008898 3.82821218902 0[0]
5.90477402675 7.56551183029 0[0]
5.9082257741600001 6.56551778759 0[0]
5.91381081877 4.94749343795 0[0]
5.91939586339 3.32946908831 0[0]
5.9215291606 2.71143878137 0[0]
5.92498090801 1.71144473867 0[0]
5.92843265541 .711450695965 0[0]
5.93401770003 -.906573653675 0[0]
6.27322074774 6.06677468688 0[0]
6.28997588159 1.21270163796 0[0]
6.50093334436 5.14050419205 0[0]
6.50438509176 4.1405101493399999 0[0]
6.50651838898 3.52247984241 0[0]
6.50997013638 2.5224857997 0[0]
6.5190069284 -.0955325926376 0[0]
6.86379502073 5.25979139827 0[0]
6.87151336257 3.0237367417 0[0]
6.87496510997 2.02374269899 0[0]
6.88055015458 .405718349355 0[0]
7.08805586995 5.33351494615 0[0]
7.09150761735 4.33352090344 0[0]
7.09495936475 3.33352686074 0[0]
7.10054440937 1.7155025111 0[0]
7.23996008356 1.52499959829 0[0]
7.45650259094 3.83477780273 0[0]
7.68553363774 2.52654357214 0[0]
7.83053435654 .718016309683 0[0]
8.03804007191 5.64581290647 0[0]
8.04149181931 4.64581886377 0[0]
8.0470768639300001 3.02779451413 0[0]
8.4064867929 4.14707576306 0[0]
8.9970610658900001 3.34009247446 0[0]
.45520409720613175 2.9852283637161371 2.6144275734495506
.58179973673199928 2.2572778195070664 1.1749500508768096
.70384217804085175 2.1302163802643068 2.1593082342515283
.77926855484144585 2.0516880921526706 2.7676750486808425
.8575089628990247 1.6017899137072284 1.8780290136906538
.90131099615631922 1.9246266529093337 3.7520332320537766
.97189527864441998 3.8200764392512153 1.3283121421808006
.97955140420890048 1.4747284744594158 2.8623871970630421
1.0279066356797787 1.1966761087008048 2.3125557094819529
1.0939377199533824 3.6930150000148285 2.3126703255567359
1.1061470437340354 .74677793025596729 1.4229096744962048
1.1693640967494892 3.6144867118997792 2.9210371399850335
1.2205333594812287 2.9650644558017301 .87319280298369513
1.2914065380596199 3.4874252726583223 3.9053953233586283
1.3036158618467372 .54118820289558111 3.0156346722940855
1.3425758007893254 2.8380030165593695 1.8575509863569636
1.3742001443322159 2.4366379892411308 .59191358242875417
1.4886968085650687 4.1304511980221102 2.1261740900099247
1.4934285543883417 2.6809464403356961 3.0742846152166112
1.6107392498754231 4.0033897587706312 3.1105322733773448
1.6152924480962415 3.4025006538134397 .68669656743984357
1.6154709957049333 2.5538850010939468 4.0586427985878945
1.6228382251729344 1.5816260057930731 .13679424323185869
1.6499093704963192 1.7811500834405759 1.2949925452399425
1.8080977194941701 4.3222733481925575 2.6192798920968782
1.815753845068957 1.9769253834013426 4.1533549469682934
1.8639305289320914 2.5474886703691335 .23157722824608955
1.8939942531204276 1.5270272049502334 3.2637089119796471
1.8985474513297968 .92613809998854291 .83987320604279201
1.9907047160631734 .9709224734326156 2.1640459368196959
2.012933767086773 3.1444246255294558 .29015633453361755
2.0568461488202782 2.9427880479749864 4.2481379319812301
2.0689451241129468 .52102429498614984 1.2743999018270516
2.1274304313135176 4.8382378343155974 1.824416842118707
2.1320939780177756 3.7128754125827315 1.4845585152653016
2.1398183027068947 1.0433851118376966 4.3066024222019305
2.2180587107578335 .59348693338622656 3.4169563872113253
2.254026070846694 4.110287290107932 .38493931954816921
2.2664139422299668 .31543456762587712 2.8671248996305763
2.324899249413065 4.6326481069468664 3.4171418399219891
2.3446543502809833 -.13446361082333168 1.9774788646371091
2.3761788606350306 3.4587525340878999 3.4532748820039454
2.3809106064643181 2.0092477764108843 4.4013854072100722
2.38827783592909 1.0369887811145474 .47953685185230608
2.5299138446109556 2.6061837315690217 4.4599645134990032
2.629370139695431 2.0028514456807202 .57431983687334038
2.6563309365415271 2.7268488400917616 -.35145924020781244
2.6639870620948955 .38150087530588697 1.1826158146568895
2.7708276007658609 4.4206620488763623 1.1828012673737016
2.7708957998775103 4.0965197129156974 2.4707701194348434
2.7710061483667732 3.5720463961406041 4.5547474985156036
2.783215472155238 .62580932639782655 3.6649868474529528
2.8613455317089272 .7003844647205117 .69136343337414602
2.8614558802083911 .17591114794891793 2.7753408124633814
2.9273766159948184 3.1967233560210148 .69147804945948222
3.0243077759137573 1.591671990971467 3.759769832462269
3.0902285116983836 4.6124841990418598 1.6759070694612663
3.0903388601741156 4.0880108822659339 3.7598844485437655
3.1684689197568727 4.1625860205938754 .78626103447398181
3.1806782435302152 1.2163489508438729 -.10349961659975425
3.1807885920168031 .69187563407209235 1.9804777624867657
3.1808567911409713 .36773329812162553 3.2684466145518805
3.2876973297962622 4.4068944716808591 3.2686320672669036
3.2953534553776631 2.0615465069025299 4.8027071221287244
3.3223142522137699 2.785543901307857 3.8769280450469763
3.421770547298598 2.1822116154068134 -.0087166315777274517
3.563406555963508 3.7514065658733105 3.9717110300712499
3.5707737854469616 2.7791475705808998 .049862474713326277
3.5755055312566543 1.3296428128961506 .99797299991339115
3.6070300416174714 4.9228589578097036 2.4737690172914596
3.6267851424735208 .15574724003574678 1.0341060419927111
3.6852704496781916 4.4729607793613874 1.5841229822981473
3.6976583210672397 .67810805688952575 4.0663085623726483
3.7336256811478202 4.1949084136010725 1.0342914947163669
3.8118660892073978 3.7450102351538262 .14464545972670177
3.8195904138877132 1.0755199344103559 2.9666893666501863
3.8242539605902212 -.049842487320355914 2.6268310398010572
3.8827392677800083 4.2673710520001217 3.1768479801036826
3.8948382430741539 1.8456072990194657 .20310994994185199
3.9387506248264248 1.6439707214624181 4.1610915473833509
3.9609796758362109 3.8174728735588932 2.2872019451091533
4.0531369405562652 3.8622572470000651 3.6113746758966273
4.0576901387884129 3.2613681420409887 1.1875389699547241
4.0877538629758141 2.2409066766364805 4.2196706536731217
4.1359305468435269 2.8114699635859948 .29789293495985688
4.1435866724015691 .46612199880503193 1.8319679898199568
4.3017750214019875 3.0072452635534903 3.1562553366890112
4.3288461667252122 3.2067693411986797 4.3144536386967114
4.3362133962005825 2.2345103459002076 .39260508333602426
4.336391943810731 1.3858946931784969 3.7645513144745954
4.3409451420167143 .78500558821424986 1.3407156085395418
4.4582558375087477 2.1074489066538958 1.3769632667096769
4.4629875833305886 .65794414897266496 2.3250737919033033
4.5774842475670285 2.3517573577548114 3.8593342994954853
4.6091085911116855 1.9503923304393757 2.5936968955620964
4.6480685300601302 4.2472071440918674 1.4356132096377544
4.6602778538366618 1.3009700743364316 .54585255856501941
4.7311510324221123 1.8233308911925904 3.5780550789361882
4.7823202951479375 1.1739086350975202 1.5302107419304483
4.8455373481633345 4.0416174167376849 3.0283382074527415
4.8577466719473249 1.0953803469865592 2.1385775563531789
4.9237777562256251 3.5917192382865544 2.1386921724527742
4.9721329876946906 3.313666872533425 1.5888606848737742
4.9797891132616726 .96831890774651186 3.1229357397307436
5.050373395750848 2.8637686940760191 .69921464988160198
5.094175428999096 3.1866054332898235 2.5732188682363366
5.1724158370592106 2.7367072548361664 1.6835728332585984
5.2478422138590212 2.6581789667273683 2.2919396476781985
5.369884655165212 2.531117527482082 3.2762978310481135
5.4964802946937007 1.8031669832782948 1.8368203084732746
:EOF
