:name
echidnahedron
:number
141
:svertices
92
:net
180 3
3 41 90 106
3 41 106 99
3 41 99 63
3 43 63 99
3 43 99 107
3 43 107 92
3 120 92 107
3 120 107 127
3 120 127 142
3 166 142 127
3 166 127 134
3 166 134 159
3 165 159 134
3 165 134 126
3 165 126 140
3 156 117 99
3 156 99 106
3 156 106 138
3 152 138 106
3 152 106 98
3 152 98 113
3 85 113 98
3 85 98 75
3 85 75 57
3 18 57 75
3 18 75 68
3 18 68 36
3 22 36 68
3 22 68 76
3 22 76 61
3 154 139 107
3 154 107 99
3 154 99 115
3 86 115 99
3 86 99 76
3 86 76 59
3 20 59 76
3 20 76 69
3 20 69 37
3 23 37 69
3 23 69 77
3 23 77 62
3 89 62 77
3 89 77 100
3 89 100 118
3 119 141 127
3 119 127 107
3 119 107 91
3 42 91 107
3 42 107 100
3 42 100 64
3 44 64 100
3 44 100 108
3 44 108 93
3 121 93 108
3 121 108 128
3 121 128 143
3 167 143 128
3 167 128 135
3 167 135 160
3 70 123 134
3 70 134 127
3 70 127 95
3 72 95 127
3 72 127 135
3 72 135 125
3 146 125 135
3 146 135 149
3 146 149 164
3 173 164 149
3 173 149 158
3 173 158 169
3 171 169 158
3 171 158 148
3 171 148 162
3 71 94 126
3 71 126 134
3 71 134 124
3 145 124 134
3 145 134 148
3 145 148 163
3 172 163 148
3 172 148 157
3 172 157 168
3 170 168 157
3 170 157 147
3 170 147 161
3 144 161 147
3 144 147 133
3 144 133 122
3 132 83 67
3 132 67 74
3 132 74 110
3 130 110 74
3 130 74 66
3 130 66 81
3 53 81 66
3 53 66 46
3 53 46 31
3 7 31 46
3 7 46 39
3 7 39 14
3 8 14 39
3 8 39 47
3 8 47 33
3 17 56 74
3 17 74 67
3 17 67 35
3 21 35 67
3 21 67 75
3 21 75 60
3 88 60 75
3 88 75 98
3 88 98 116
3 155 116 98
3 155 98 105
3 155 105 137
3 151 137 105
3 151 105 97
3 151 97 112
3 19 34 66
3 19 66 74
3 19 74 58
3 87 58 74
3 87 74 97
3 87 97 114
3 153 114 97
3 153 97 104
3 153 104 136
3 150 136 104
3 150 104 96
3 150 96 111
3 84 111 96
3 84 96 73
3 84 73 55
3 54 32 46
3 54 46 66
3 54 66 82
3 131 82 66
3 131 66 73
3 131 73 109
3 129 109 73
3 129 73 65
3 129 65 80
3 52 80 65
3 52 65 45
3 52 45 30
3 6 30 45
3 6 45 38
3 6 38 13
3 103 50 39
3 103 39 46
3 103 46 78
3 101 78 46
3 101 46 38
3 101 38 48
3 27 48 38
3 27 38 24
3 27 24 9
3 0 9 24
3 0 24 15
3 0 15 4
3 2 4 15
3 2 15 25
3 2 25 11
3 102 79 47
3 102 47 39
3 102 39 49
3 28 49 39
3 28 39 25
3 28 25 10
3 1 10 25
3 1 25 16
3 1 16 5
3 3 5 16
3 3 16 26
3 3 26 12
3 29 12 26
3 29 26 40
3 29 40 51
:solid
180 3
3 239 238 218
3 239 218 222
3 239 222 238
3 251 238 222
3 251 222 233
3 251 233 238
3 259 238 233
3 259 233 237
3 259 237 238
3 255 238 237
3 255 237 226
3 255 226 238
3 242 238 226
3 242 226 218
3 242 218 238
3 205 204 222
3 205 222 218
3 205 218 204
3 190 204 218
3 190 218 207
3 190 207 204
3 181 204 207
3 181 207 203
3 181 203 204
3 185 204 203
3 185 203 214
3 185 214 204
3 199 204 214
3 199 214 222
3 199 222 204
3 248 230 233
3 248 233 222
3 248 222 230
3 228 230 222
3 228 222 214
3 228 214 230
3 224 230 214
3 224 214 220
3 224 220 230
3 244 230 220
3 244 220 231
3 244 231 230
3 253 230 231
3 253 231 233
3 253 233 230
3 264 250 237
3 264 237 233
3 264 233 250
3 262 250 233
3 262 233 231
3 262 231 250
3 261 250 231
3 261 231 232
3 261 232 250
3 263 250 232
3 263 232 236
3 263 236 250
3 265 250 236
3 265 236 237
3 265 237 250
3 257 241 226
3 257 226 237
3 257 237 241
3 260 241 237
3 260 237 236
3 260 236 241
3 256 241 236
3 256 236 225
3 256 225 241
3 245 241 225
3 245 225 219
3 245 219 241
3 246 241 219
3 246 219 226
3 246 226 241
3 212 210 218
3 212 218 226
3 212 226 210
3 216 210 226
3 216 226 219
3 216 219 210
3 196 210 219
3 196 219 208
3 196 208 210
3 187 210 208
3 187 208 207
3 187 207 210
3 192 210 207
3 192 207 218
3 192 218 210
3 180 201 202
3 180 202 206
3 180 206 201
3 188 201 206
3 188 206 217
3 188 217 201
3 200 201 217
3 200 217 221
3 200 221 201
3 197 201 221
3 197 221 213
3 197 213 201
3 184 201 213
3 184 213 202
3 184 202 201
3 175 189 206
3 175 206 202
3 175 202 189
3 174 189 202
3 174 202 203
3 174 203 189
3 176 189 203
3 176 203 207
3 176 207 189
3 178 189 207
3 178 207 208
3 178 208 189
3 177 189 208
3 177 208 206
3 177 206 189
3 191 209 217
3 191 217 206
3 191 206 209
3 186 209 206
3 186 206 208
3 186 208 209
3 195 209 208
3 195 208 219
3 195 219 209
3 215 209 219
3 215 219 225
3 215 225 209
3 211 209 225
3 211 225 217
3 211 217 209
3 234 235 221
3 234 221 217
3 234 217 235
3 240 235 217
3 240 217 225
3 240 225 235
3 254 235 225
3 254 225 236
3 254 236 235
3 258 235 236
3 258 236 232
3 258 232 235
3 249 235 232
3 249 232 221
3 249 221 235
3 227 229 213
3 227 213 221
3 227 221 229
3 247 229 221
3 247 221 232
3 247 232 229
3 252 229 232
3 252 232 231
3 252 231 229
3 243 229 231
3 243 231 220
3 243 220 229
3 223 229 220
3 223 220 213
3 223 213 229
3 182 198 202
3 182 202 213
3 182 213 198
3 193 198 213
3 193 213 220
3 193 220 198
3 194 198 220
3 194 220 214
3 194 214 198
3 183 198 214
3 183 214 203
3 183 203 198
3 179 198 203
3 179 203 202
3 179 202 198
:hinges
179
0 2 1 0 1.2309594173407747
1 2 2 0 1.2309594173407747
2 1 3 1 5.5534576509526201
3 2 4 0 1.2309594173407747
4 2 5 0 1.2309594173407747
5 1 6 1 5.5534576509526201
6 2 7 0 1.2309594173407747
7 2 8 0 1.2309594173407747
8 1 9 1 5.5534576509526201
9 2 10 0 1.2309594173407747
10 2 11 0 1.2309594173407747
11 1 12 1 5.5534576509526201
12 2 13 0 1.2309594173407747
13 2 14 0 1.2309594173407747
15 2 16 0 1.2309594173407747
16 2 17 0 1.2309594173407747
17 1 18 1 5.5534576509526201
18 2 19 0 1.2309594173407747
19 2 20 0 1.2309594173407747
20 1 21 1 5.5534576509526201
21 2 22 0 1.2309594173407747
22 2 23 0 1.2309594173407747
23 1 24 1 5.5534576509526201
24 2 25 0 1.2309594173407747
25 2 26 0 1.2309594173407747
26 1 27 1 5.5534576509526201
27 2 28 0 1.2309594173407747
28 2 29 0 1.2309594173407747
30 2 31 0 1.2309594173407747
31 2 32 0 1.2309594173407747
32 1 33 1 5.5534576509526201
33 2 34 0 1.2309594173407747
34 2 35 0 1.2309594173407747
35 1 36 1 5.5534576509526201
36 2 37 0 1.2309594173407747
37 2 38 0 1.2309594173407747
38 1 39 1 5.5534576509526201
39 2 40 0 1.2309594173407747
40 2 41 0 1.2309594173407747
41 1 42 1 5.5534576509526201
42 2 43 0 1.2309594173407747
43 2 44 0 1.2309594173407747
45 2 46 0 1.2309594173407747
46 2 47 0 1.2309594173407747
47 1 48 1 5.5534576509526201
48 2 49 0 1.2309594173407747
49 2 50 0 1.2309594173407747
50 1 51 1 5.5534576509526201
51 2 52 0 1.2309594173407747
52 2 53 0 1.2309594173407747
53 1 54 1 5.5534576509526201
54 2 55 0 1.2309594173407747
55 2 56 0 1.2309594173407747
56 1 57 1 5.5534576509526201
57 2 58 0 1.2309594173407747
58 2 59 0 1.2309594173407747
60 2 61 0 1.2309594173407747
61 2 62 0 1.2309594173407747
62 1 63 1 5.5534576509526201
63 2 64 0 1.2309594173407747
64 2 65 0 1.2309594173407747
65 1 66 1 5.5534576509526201
66 2 67 0 1.2309594173407747
67 2 68 0 1.2309594173407747
68 1 69 1 5.5534576509526201
69 2 70 0 1.2309594173407747
70 2 71 0 1.2309594173407747
71 1 72 1 5.5534576509526201
72 2 73 0 1.2309594173407747
73 2 74 0 1.2309594173407747
75 2 76 0 1.2309594173407747
76 2 77 0 1.2309594173407747
77 1 78 1 5.5534576509526201
78 2 79 0 1.2309594173407747
79 2 80 0 1.2309594173407747
80 1 81 1 5.5534576509526201
81 2 82 0 1.2309594173407747
82 2 83 0 1.2309594173407747
83 1 84 1 5.5534576509526201
84 2 85 0 1.2309594173407747
85 2 86 0 1.2309594173407747
86 1 87 1 5.5534576509526201
87 2 88 0 1.2309594173407747
88 2 89 0 1.2309594173407747
90 2 91 0 1.2309594173407747
91 2 92 0 1.2309594173407747
92 1 93 1 5.5534576509526201
93 2 94 0 1.2309594173407747
94 2 95 0 1.2309594173407747
95 1 96 1 5.5534576509526201
96 2 97 0 1.2309594173407747
97 2 98 0 1.2309594173407747
98 1 99 1 5.5534576509526201
99 2 100 0 1.2309594173407747
100 2 101 0 1.2309594173407747
101 1 102 1 5.5534576509526201
102 2 103 0 1.2309594173407747
103 2 104 0 1.2309594173407747
105 2 106 0 1.2309594173407747
106 2 107 0 1.2309594173407747
107 1 108 1 5.5534576509526201
108 2 109 0 1.2309594173407747
109 2 110 0 1.2309594173407747
110 1 111 1 5.5534576509526201
111 2 112 0 1.2309594173407747
112 2 113 0 1.2309594173407747
113 1 114 1 5.5534576509526201
114 2 115 0 1.2309594173407747
115 2 116 0 1.2309594173407747
116 1 117 1 5.5534576509526201
117 2 118 0 1.2309594173407747
118 2 119 0 1.2309594173407747
120 2 121 0 1.2309594173407747
121 2 122 0 1.2309594173407747
122 1 123 1 5.5534576509526201
123 2 124 0 1.2309594173407747
124 2 125 0 1.2309594173407747
125 1 126 1 5.5534576509526201
126 2 127 0 1.2309594173407747
127 2 128 0 1.2309594173407747
128 1 129 1 5.5534576509526201
129 2 130 0 1.2309594173407747
130 2 131 0 1.2309594173407747
131 1 132 1 5.5534576509526201
132 2 133 0 1.2309594173407747
133 2 134 0 1.2309594173407747
135 2 136 0 1.2309594173407747
136 2 137 0 1.2309594173407747
137 1 138 1 5.5534576509526201
138 2 139 0 1.2309594173407747
139 2 140 0 1.2309594173407747
140 1 141 1 5.5534576509526201
141 2 142 0 1.2309594173407747
142 2 143 0 1.2309594173407747
143 1 144 1 5.5534576509526201
144 2 145 0 1.2309594173407747
145 2 146 0 1.2309594173407747
146 1 147 1 5.5534576509526201
147 2 148 0 1.2309594173407747
148 2 149 0 1.2309594173407747
150 2 151 0 1.2309594173407747
151 2 152 0 1.2309594173407747
152 1 153 1 5.5534576509526201
153 2 154 0 1.2309594173407747
154 2 155 0 1.2309594173407747
155 1 156 1 5.5534576509526201
156 2 157 0 1.2309594173407747
157 2 158 0 1.2309594173407747
158 1 159 1 5.5534576509526201
159 2 160 0 1.2309594173407747
160 2 161 0 1.2309594173407747
161 1 162 1 5.5534576509526201
162 2 163 0 1.2309594173407747
163 2 164 0 1.2309594173407747
165 2 166 0 1.2309594173407747
166 2 167 0 1.2309594173407747
167 1 168 1 5.5534576509526201
168 2 169 0 1.2309594173407747
169 2 170 0 1.2309594173407747
170 1 171 1 5.5534576509526201
171 2 172 0 1.2309594173407747
172 2 173 0 1.2309594173407747
173 1 174 1 5.5534576509526201
174 2 175 0 1.2309594173407747
175 2 176 0 1.2309594173407747
176 1 177 1 5.5534576509526201
177 2 178 0 1.2309594173407747
178 2 179 0 1.2309594173407747
1 1 16 1 5.5534576509526201
4 1 31 1 5.5534576509526201
7 1 46 1 5.5534576509526201
10 1 61 1 5.5534576509526201
13 1 76 1 5.5534576509526201
91 1 106 1 5.5534576509526201
94 1 121 1 5.5534576509526201
97 1 136 1 5.5534576509526201
100 1 151 1 5.5534576509526201
103 1 166 1 5.5534576509526201
22 1 112 1 5.5534576509526201
:vertices
266 174
-4.5 -4.33012701892 0[0]
-4.5 -2.59807621135 0[0]
-4.5 .204440865535 0[0]
-4.5 1.9364916731 0[0]
-3.19098300563 -2.06284307669 0[0]
-3.19098300563 -.330792269125 0[0]
-3 -5.19615242271 0[0]
-3 -3.46410161514 0[0]
-3 1.07046626932 0[0]
-1.88196601125 -4.33012701892 0[0]
-1.88196601125 -2.59807621135 0[0]
-1.88196601125 .204440865535 0[0]
-1.88196601125 1.9364916731 0[0]
-1.69098300563 -2.92886848048 0[0]
-1.69098300563 -1.19681767291 0[0]
-1.57294901688 -2.06284307669 0[0]
-1.57294901688 -.330792269125 0[0]
-1.5 -2.59807621135 0[0]
-1.5 -.86602540378400001 0[0]
-1.5 .204440865535 0[0]
-1.5 .86602540378400001 0[0]
-1.5 1.9364916731 0[0]
-1.5 3.66854248067 0[0]
-1.5 5.40059328824 0[0]
-1.07294901688 -2.92886848048 0[0]
-1.07294901688 -1.19681767291 0[0]
-1.07294901688 .53523313466 0[0]
-.57294901687499999 -6.59741096115 0[0]
-.57294901687499999 -4.86536015358 0[0]
-.57294901687499999 4.20377561533 0[0]
-.38196601125 -5.19615242271 0[0]
-.38196601125 -3.46410161514 0[0]
-.38196601125 -.66158453825000001 0[0]
-.38196601125 1.07046626932 0[0]
-.190983005625 -2.06284307669 0[0]
-.190983005625 -.330792269125 0[0]
-.190983005625 1.40125853844 0[0]
-.190983005625 3.13330934601 0[0]
-.072949016875199999 -2.92886848048 0[0]
-.072949016875199999 -1.19681767291 0[0]
-.072949016875199999 .53523313466 0[0]
-1.11022302463e-16 -8.3266726846900001e-17 0[0]
-4.4408920985e-16 1.73205080757 0[0]
-4.05178008127e-16 4.53456788446 0[0]
-1.01580067167e-15 6.26661869203 0[0]
.42705098312499999 -3.79489388426 0[0]
.42705098312499999 -2.06284307669 0[0]
.42705098312499999 -.330792269125 0[0]
.7360679775 -4.33012701892 0[0]
.7360679775 -2.59807621135 0[0]
.7360679775 .204440865535 0[0]
.7360679775 1.9364916731 0[0]
.92705098312500001 -7.46343636494 0[0]
.92705098312500001 -5.73138555737 0[0]
.92705098312500001 1.60569940398 0[0]
1.11803398875 -4.33012701892 0[0]
1.11803398875 -2.59807621135 0[0]
1.11803398875 -.86602540378400001 0[0]
1.11803398875 .204440865535 0[0]
1.11803398875 .86602540378400001 0[0]
1.11803398875 1.9364916731 0[0]
1.11803398875 3.66854248067 0[0]
1.11803398875 5.40059328824 0[0]
1.30901699437 2.26728394223 0[0]
1.30901699437 3.9993347498 0[0]
1.42705098312 -3.79489388426 0[0]
1.42705098312 -2.06284307669 0[0]
1.42705098312 -.330792269125 0[0]
1.42705098312 1.40125853844 0[0]
1.42705098312 3.13330934601 0[0]
1.5 .86602540378400001 0[0]
1.5 3.66854248067 0[0]
1.5 5.40059328824 0[0]
1.92705098312 -2.92886848048 0[0]
1.92705098312 -1.19681767291 0[0]
1.92705098312 .53523313466 0[0]
1.92705098312 2.26728394223 0[0]
1.92705098312 3.9993347498 0[0]
2.04508497187 -2.06284307669 0[0]
2.04508497187 -.330792269125 0[0]
2.2360679775 -5.19615242271 0[0]
2.2360679775 -3.46410161514 0[0]
2.2360679775 -.66158453825000001 0[0]
2.2360679775 1.07046626932 0[0]
2.42705098312 -6.59741096115 0[0]
2.42705098312 -3.13330934601 0[0]
2.42705098312 -1.40125853844 0[0]
2.42705098312 2.47172480776 0[0]
2.42705098312 4.20377561533 0[0]
2.42705098312 7.66787723047 0[0]
2.61803398875 0 0[0]
2.61803398875 1.73205080757 0[0]
2.61803398875 4.53456788446 0[0]
2.61803398875 6.26661869203 0[0]
2.80901699437 1.40125853844 0[0]
2.80901699437 3.13330934601 0[0]
2.92705098312 -2.92886848048 0[0]
2.92705098312 -1.19681767291 0[0]
2.92705098312 .53523313466 0[0]
2.92705098312 2.26728394223 0[0]
2.92705098312 3.9993347498 0[0]
3.35410196625 -4.33012701892 0[0]
3.35410196625 -2.59807621135 0[0]
3.35410196625 .204440865535 0[0]
3.42705098312 -2.06284307669 0[0]
3.42705098312 -.330792269125 0[0]
3.42705098312 1.40125853844 0[0]
3.42705098312 3.13330934601 0[0]
3.42705098312 4.86536015358 0[0]
3.54508497187 -2.92886848048 0[0]
3.54508497187 -1.19681767291 0[0]
3.7360679775 -4.33012701892 0[0]
3.7360679775 -2.59807621135 0[0]
3.7360679775 -.86602540378400001 0[0]
3.7360679775 .204440865535 0[0]
3.7360679775 .86602540378400001 0[0]
3.7360679775 1.9364916731 0[0]
3.7360679775 3.66854248067 0[0]
3.7360679775 5.40059328824 0[0]
3.92705098312 -.53523313466 0[0]
3.92705098312 6.80185182669 0[0]
3.92705098312 8.53390263425 0[0]
4.11803398875 -.86602540378400001 0[0]
4.11803398875 .86602540378400001 0[0]
4.11803398875 3.66854248067 0[0]
4.11803398875 5.40059328824 0[0]
4.42705098312 1.40125853844 0[0]
4.42705098312 3.13330934601 0[0]
4.42705098312 4.86536015358 0[0]
4.85410196625 -5.19615242271 0[0]
4.85410196625 -3.46410161514 0[0]
4.85410196625 -.66158453825000001 0[0]
4.85410196625 1.07046626932 0[0]
4.92705098312 .53523313466 0[0]
4.92705098312 2.26728394223 0[0]
4.92705098312 3.9993347498 0[0]
5.04508497187 -2.06284307669 0[0]
5.04508497187 -.330792269125 0[0]
5.04508497187 1.40125853844 0[0]
5.04508497187 3.13330934601 0[0]
5.2360679775 -7.2223351301200001e-16 0[0]
5.2360679775 1.73205080757 0[0]
5.2360679775 4.53456788446 0[0]
5.2360679775 6.26661869203 0[0]
5.42705098312 -3.13330934601 0[0]
5.42705098312 5.9358264229 0[0]
5.42705098312 7.66787723047 0[0]
5.92705098312 .53523313466 0[0]
5.92705098312 2.26728394223 0[0]
5.92705098312 3.9993347498 0[0]
6.35410196625 -4.33012701892 0[0]
6.35410196625 -2.59807621135 0[0]
6.35410196625 -.86602540378400001 0[0]
6.35410196625 .204440865535 0[0]
6.35410196625 .86602540378400001 0[0]
6.35410196625 1.9364916731 0[0]
6.35410196625 3.66854248067 0[0]
6.42705098312 1.40125853844 0[0]
6.42705098312 3.13330934601 0[0]
6.54508497187 2.26728394223 0[0]
6.54508497187 3.9993347498 0[0]
6.7360679775 -.86602540378400001 0[0]
6.7360679775 .86602540378400001 0[0]
6.7360679775 3.66854248067 0[0]
6.7360679775 5.40059328824 0[0]
7.85410196625 -3.32070527052e-16 0[0]
7.85410196625 4.53456788446 0[0]
7.85410196625 6.26661869203 0[0]
8.0450849718699999 1.40125853844 0[0]
8.0450849718699999 3.13330934601 0[0]
9.35410196625 -.86602540378400001 0[0]
9.35410196625 .86602540378400001 0[0]
9.35410196625 3.66854248067 0[0]
9.35410196625 5.40059328824 0[0]
-.24286409207111663 -5.6786771416950944 8.1837347473096866
-.088115369316114376 -4.4975443438745647 7.0887406215445589
-.072551178939206845 -5.0235019839630802 9.6533513684246168
.17783751420375989 -3.1123889718614542 7.881613655433787
.18745671285368741 -3.4374486700836984 9.4666302649211391
.73265673095502754 -8.0574693871615606 7.6899650206192901
1.1377941468392668 -4.9652235772374612 4.8232331818903529
1.178541726259877 -6.3421985556541304 11.537471285152537
1.4903104790713548 -8.3465110492057237 6.2898044211628173
1.5058746694516904 -8.8724686893079761 8.8544151680445662
1.7406991722120361 -6.4353980371073688 4.5180667081862504
1.7814467516108736 -7.8123730155303668 11.232304811440672
1.8340678353096789 -1.3388397336222347 6.8990017334438593
1.859251224298732 -2.1898570719807278 11.048629089774796
2.161400778475034 -3.8691098672843776 4.2159456163355327
2.1865841675263047 -4.7201272056076969 8.3655729727116674
2.2117675565644075 -5.5711445439445025 12.515200329096514
2.591721583421552 -1.6278813956856534 5.498841133974398
2.6324691627892043 -3.0048563741383726 12.213079237197478
2.7317841856166116 -9.3401479226696134 6.5889077284006358
2.7414033842797401 -9.6652076208945392 8.1739243378902371
2.8672936656157848 -.56778572189402543 7.8767307773712233
2.882857855926531 -1.0937433620230633 10.441341524220517
3.1369216015154968 -6.2479021127516421 3.7221758896606974
3.1621049905475301 -7.0989194510681786 7.8718032460394276
3.1872883795664756 -7.949936789407854 12.021430602408202
3.3969294933040476 -4.6618487988708894 3.5354547861761856
3.4124936836811447 -5.1878064389705486 6.1000655330641108
3.4221128823438947 -5.5128661371943738 7.6850821425556149
3.4280578740615139 -5.7137640790724045 8.6646762799552868
3.4376770727220398 -6.0388237773002668 10.249692889443369
3.453241263109031 -6.5647814174069077 12.814303636334351
3.5828065968222095 -4.5326312812512898 7.5696821541869831
3.5924257954818447 -4.8576909794847608 9.1546987636665091
3.6880657658602958 -4.1277107652046604 8.4779551764618308
3.8428144886274833 -2.9465779673718112 7.3829610507034721
3.85837867897892 -3.4725356074878592 9.9475717975590936
4.0932031818117353 -1.0354649552679757 5.6112233377276755
4.1339507611503717 -2.4124399336770487 12.325461440952689
4.1857116221816367 -6.0028057411205761 7.2645156804877717
4.1953308208418657 -6.3278654393526949 8.8495322899788174
4.2635160949223671 -.3802897975460208 7.0808399588529597
4.2886994838962519 -1.2313071358651384 11.230467315175093
4.4457195139804156 -4.4167524272467279 7.0777945770049993
4.4612837043560499 -4.9427100673539263 9.642405323881333
4.6160324271104244 -3.7615772695375307 8.5474111981092882
4.6635865888848297 -6.5065030106701062 7.9841854498009011
4.8183353116428433 -5.3253702128358554 6.8891913240345267
4.8338995020231994 -5.8513278529465934 9.4538020709156965
4.990919532099796 -9.0367731443057513 5.3011293326871506
5.0161029211059979 -9.8877904826468064 9.4507566890932573
5.0842881951600002 -3.9402148408448384 7.6820643579400012
5.0939073938121063 -4.2652745390722046 9.2670809674149182
5.1456682548502634 -7.8556403464830682 4.2061352069250536
5.1864158342608176 -9.2326153249127696 10.920373310203452
5.4212403370141005 -6.7955446727086107 6.5840248503336453
5.4368045273872042 -7.3215023128254215 9.14863559722132
5.591553250146004 -6.1403695150079954 8.0536414714500555
5.6871932205226376 -5.4103893007178194 7.3768978842476964
5.6968124191838512 -5.7354489989458783 8.9619144937288617
5.826377752903524 -3.7032988627880736 3.7172930115948923
5.8419419432855818 -4.2292565028874919 6.2819037584849018
5.8515611419375353 -4.5543162011241645 7.8669203679592954
5.8575061336513755 -4.7552141429983069 8.8465145053510605
5.8671253323149433 -5.0802738412128885 10.431531114846621
5.8826895227010593 -5.6062314813068032 12.996141861731369
6.0923306364346091 -2.3181434907877006 4.5101660455107433
6.1175140254483087 -3.1691608291224377 8.6597934018621925
6.1426974144705168 -4.0201781674161182 12.809420758247508
6.3967611600559992 -9.1743369181745034 6.090255123655866
6.4123253504057544 -9.700294558302196 8.654865870561494
6.5382156317255985 -.60287265929595191 8.3576723100211805
6.5478348303744034 -.92793235752339249 9.9426889195096606
6.6471498531892301 -7.2632239060672622 4.3185174106856382
6.6878974326073163 -8.6401988845077886 11.032755513942223
7.067851459465004 -4.6969357362656883 4.0163963188475451
7.0930348484814779 -5.5479530745927637 8.1660236752075566
7.1182182375278528 -6.3989704128994381 12.315651031573348
7.4203677916897673 -8.0782232082184795 5.4829675581049782
7.4455511807004666 -8.9292405465778792 9.63259491450033
7.498172264393606 -2.4557072646567981 5.2992918364780819
7.5389198437759436 -3.8326822430597784 12.013529939725552
7.7737443465489986 -1.3956115908852233 7.6771814798511767
7.7893085369186862 -1.9215692309770366 10.241792226730851
8.1010772897591439 -3.9258817245330329 4.9941253627829656
8.141824869153687 -5.3028567029330248 11.708363466031958
8.5469622850478912 -2.2106108930381505 8.8416316272682647
9.0921623031559344 -6.8306316101143144 7.0649663829956729
9.1017815018074846 -7.1556913083251197 8.6499829924890039
9.3521701949524845 -5.2445782962367052 6.8782452795244579
9.367734385319896 -5.770535936311236 9.4428560263843593
9.522483108077056 -4.5894031385098053 8.3478619006439574
:EOF
