:name
snub cube (laevo)
:number
15
:symbol
@"s" left { pile { 3 above 4 } right }@	@sB sub 4 @
:dual
pentagonal icositetrahedron (dextro)
:sfaces
38 32{3} 6{4}
:svertices
24 24(@3 sup 4@.@4@)
:net
38 4
3 1 0 3
3 0 2 3
4 3 2 6 7
3 5 3 7
3 2 4 6
3 7 6 10
3 6 9 10
3 8 7 11
3 7 10 11
4 11 10 15 16
3 13 11 16
3 10 12 15
3 16 15 22
3 15 21 22
3 17 16 23
3 16 22 23
4 23 22 30 31
3 27 23 31
3 22 26 30
3 31 30 37
3 30 36 37
3 32 31 38
3 31 37 38
4 38 37 42 43
3 41 38 43
3 37 40 42
3 43 42 45
3 42 44 45
3 24 19 28
3 14 18 19
4 19 18 27 28
3 28 27 33
3 18 23 27
3 30 26 35
3 20 25 26
4 26 25 34 35
3 35 34 39
3 25 29 34
:hinges
37
0 1 1 2 2.6744480835352287
1 1 2 0 2.4955316305777334
3 1 2 3 2.4955316305777334
4 2 2 1 2.4955316305777334
5 0 2 2 2.4955316305777334
6 2 5 1 2.6744480835352287
7 1 8 2 2.6744480835352287
8 1 9 0 2.4955316305777334
10 1 9 3 2.4955316305777334
11 2 9 1 2.4955316305777334
12 0 9 2 2.4955316305777334
13 2 12 1 2.6744480835352287
8 0 5 2 2.6744480835352287
14 1 15 2 2.6744480835352287
15 1 16 0 2.4955316305777334
17 1 16 3 2.4955316305777334
18 2 16 1 2.4955316305777334
19 0 16 2 2.4955316305777334
20 2 19 1 2.6744480835352287
15 0 12 2 2.6744480835352287
21 1 22 2 2.6744480835352287
22 1 23 0 2.4955316305777334
24 1 23 3 2.4955316305777334
25 2 23 1 2.4955316305777334
26 0 23 2 2.4955316305777334
27 2 26 1 2.6744480835352287
22 0 19 2 2.6744480835352287
28 1 30 3 2.4955316305777334
29 1 30 0 2.4955316305777334
31 0 30 2 2.4955316305777334
32 2 30 1 2.4955316305777334
33 1 35 3 2.4955316305777334
34 1 35 0 2.4955316305777334
36 0 35 2 2.4955316305777334
37 2 35 1 2.4955316305777334
32 1 17 0 2.6744480835352287
33 0 18 1 2.6744480835352287
:dih
2
36 3 3 2.6744480835352287
24 3 4 2.4955316305777334
:vertices
46
-.288675134594813[(-1/6)*sqrt(3)] -.5[-1/2] 0[0]
-.288675134594813[(-1/6)*sqrt(3)] .5[1/2] 0[0]
.577350269189626[(1/3)*sqrt(3)] -1[-1] 0[0]
.577350269189626[(1/3)*sqrt(3)] 0[0] 0[0]
1.07735026918963[(1/2+(1/3)*sqrt(3))] -1.86602540378444[(-1+(-1/2)*sqrt(3))] 0[0]
1.07735026918963[(1/2+(1/3)*sqrt(3))] .866025403784439[(1/2)*sqrt(3)] 0[0]
1.57735026918963[(1+(1/3)*sqrt(3))] -1[-1] 0[0]
1.57735026918963[(1+(1/3)*sqrt(3))] 0[0] 0[0]
1.57735026918963[(1+(1/3)*sqrt(3))] 1[1] 0[0]
2.44337567297406[(1+(5/6)*sqrt(3))] -1.5[-3/2] 0[0]
2.44337567297406[(1+(5/6)*sqrt(3))] -.5[-1/2] 0[0]
2.44337567297406[(1+(5/6)*sqrt(3))] .5[1/2] 0[0]
2.94337567297406[(3/2+(5/6)*sqrt(3))] -1.36602540378444[(-1/2+(-1/2)*sqrt(3))] 0[0]
2.94337567297406[(3/2+(5/6)*sqrt(3))] 1.36602540378444[(1/2+(1/2)*sqrt(3))] 0[0]
2.94337567297406[(3/2+(5/6)*sqrt(3))] 2.36602540378444[(3/2+(1/2)*sqrt(3))] 0[0]
3.44337567297406[(2+(5/6)*sqrt(3))] -.5[-1/2] 0[0]
3.44337567297406[(2+(5/6)*sqrt(3))] .5[1/2] 0[0]
3.44337567297406[(2+(5/6)*sqrt(3))] 1.5[3/2] 0[0]
3.8094010767585[(3/2+(4/3)*sqrt(3))] 1.86602540378444[(1+(1/2)*sqrt(3))] 0[0]
3.8094010767585[(3/2+(4/3)*sqrt(3))] 2.86602540378444[(2+(1/2)*sqrt(3))] 0[0]
3.94337567297406[(5/2+(5/6)*sqrt(3))] -1.36602540378444[(-1/2+(-1/2)*sqrt(3))] 0[0]
4.3094010767585[(2+(4/3)*sqrt(3))] -1[-1] 0[0]
4.3094010767585[(2+(4/3)*sqrt(3))] 0[0] 0[0]
4.3094010767585[(2+(4/3)*sqrt(3))] 1[1] 0[0]
4.3094010767585[(2+(4/3)*sqrt(3))] 3.73205080756888[(2+sqrt(3))] 0[0]
4.8094010767585[(5/2+(4/3)*sqrt(3))] -1.86602540378444[(-1+(-1/2)*sqrt(3))] 0[0]
4.8094010767585[(5/2+(4/3)*sqrt(3))] -.866025403784439[(-1/2)*sqrt(3)] 0[0]
4.8094010767585[(5/2+(4/3)*sqrt(3))] 1.86602540378444[(1+(1/2)*sqrt(3))] 0[0]
4.8094010767585[(5/2+(4/3)*sqrt(3))] 2.86602540378444[(2+(1/2)*sqrt(3))] 0[0]
5.3094010767585[(3+(4/3)*sqrt(3))] -2.73205080756888[(-1-sqrt(3))] 0[0]
5.3094010767585[(3+(4/3)*sqrt(3))] 0[0] 0[0]
5.3094010767585[(3+(4/3)*sqrt(3))] 1[1] 0[0]
5.3094010767585[(3+(4/3)*sqrt(3))] 2[2] 0[0]
5.67542648054294[(5/2+(11/6)*sqrt(3))] 2.36602540378444[(3/2+(1/2)*sqrt(3))] 0[0]
5.8094010767585[(7/2+(4/3)*sqrt(3))] -1.86602540378444[(-1+(-1/2)*sqrt(3))] 0[0]
5.8094010767585[(7/2+(4/3)*sqrt(3))] -.866025403784439[(-1/2)*sqrt(3)] 0[0]
6.17542648054294[(3+(11/6)*sqrt(3))] -.5[-1/2] 0[0]
6.17542648054294[(3+(11/6)*sqrt(3))] .5[1/2] 0[0]
6.17542648054294[(3+(11/6)*sqrt(3))] 1.5[3/2] 0[0]
6.67542648054294[(7/2+(11/6)*sqrt(3))] -1.36602540378444[(-1/2+(-1/2)*sqrt(3))] 0[0]
6.67542648054294[(7/2+(11/6)*sqrt(3))] -.366025403784439[(1/2+(-1/2)*sqrt(3))] 0[0]
6.67542648054294[(7/2+(11/6)*sqrt(3))] 2.36602540378444[(3/2+(1/2)*sqrt(3))] 0[0]
7.17542648054294[(4+(11/6)*sqrt(3))] .5[1/2] 0[0]
7.17542648054294[(4+(11/6)*sqrt(3))] 1.5[3/2] 0[0]
8.0414518843273799[(4+(7/3)*sqrt(3))] 0[0] 0[0]
8.0414518843273799[(4+(7/3)*sqrt(3))] 1[1] 0[0]
:EOF
