:name
triangular prism
:number
22
:symbol
	@P sub 3 @
:sfaces
5 2{3} 3{4}
:svertices
6 6(@3@.@4 sup 2@)
:net
5 4
3 6 2 4
3 3 7 5
4 1 0 2 3
4 3 2 6 7
4 7 6 8 9
:solid
5 4
3 14 10 12
3 11 15 13
4 13 12 10 11
4 11 10 14 15
4 15 14 12 13
:hinges
4
2 2 3 0 1.0471975511965977
3 2 4 0 1.0471975511965977
0 0 3 1 1.5707963267948966
1 0 3 3 1.5707963267948966
:dih
2
3 4 4 1.0471975511965977
6 3 4 1.5707963267948966
:vertices
16 10
-.5[-1/2] -.5[-1/2] 0[0]
-.5[-1/2] .5[1/2] 0[0]
.5[1/2] -.5[-1/2] 0[0]
.5[1/2] .5[1/2] 0[0]
1[1] -1.36602540378[(-1/2+(-1/2)*sqrt(3))] 0[0]
1[1] 1.36602540378[(1/2+(1/2)*sqrt(3))] 0[0]
1.5[3/2] -.5[-1/2] 0[0]
1.5[3/2] .5[1/2] 0[0]
2.5[5/2] -.5[-1/2] 0[0]
2.5[5/2] .5[1/2] 0[0]
-1.0000000000000001 .49999999999999998 -1.8660254037844387
-1.0000000000000001 .5 -.86602540378443866
-.50000000000000009 1.366025403782959 -1.8660254037844387
-.5000000000000001 1.3660254037829591 -.86602540378443866
-6.0590774117247872e-17 .49999999999999998 -1.8660254037844387
-6.8149425027127496e-17 .5 -.86602540378443866
:EOF
