:name
pentagonal prism
:number
23
:symbol
	@P sub 5 @
:sfaces
7 5{4} 2{5}
:svertices
10 10(@4 sup 2@.@5@)
:net
7 5
5 10 6 4 8 12
5 7 11 13 9 5
4 1 0 2 3
4 3 2 6 7
4 7 6 10 11
4 11 10 14 15
4 15 14 16 17
:solid
7 5
5 24 20 18 22 26
5 21 25 27 23 19
4 23 22 18 19
4 19 18 20 21
4 21 20 24 25
4 25 24 26 27
4 27 26 22 23
:hinges
6
2 2 3 0 1.884955592153876
3 2 4 0 1.884955592153876
4 2 5 0 1.884955592153876
5 2 6 0 1.884955592153876
0 0 4 1 1.5707963267948966
1 0 4 3 1.5707963267948966
:dih
2
5 4 4 1.884955592153876
10 4 5 1.5707963267948966
:vertices
28 18
-.5[-1/2] -.5[-1/2] 0[0]
-.5[-1/2] .5[1/2] 0[0]
.5[1/2] -.5[-1/2] 0[0]
.5[1/2] .5[1/2] 0[0]
1.19098300563[(7/4+(-1/4)*sqrt(5))] -1.4510565163[-1/2+(-3/16+(-1/16)*sqrt(5))*sqrt(10+2*sqrt(5))+1/8*sqrt(10-2*sqrt(5))] 0[0]
1.19098300563[(7/4+(-1/4)*sqrt(5))] 1.4510565163[1/2+1/8*sqrt(10+2*sqrt(5))+(1/16+(1/16)*sqrt(5))*sqrt(10-2*sqrt(5))] 0[0]
1.5[3/2] -.5[-1/2] 0[0]
1.5[3/2] .5[1/2] 0[0]
2[2] -2.03884176859[-1/2+(-3/16+(-1/16)*sqrt(5))*sqrt(10+2*sqrt(5))-1/8*sqrt(10-2*sqrt(5))] 0[0]
2[2] 2.03884176859[1/2+(3/16+(1/16)*sqrt(5))*sqrt(10+2*sqrt(5))+1/8*sqrt(10-2*sqrt(5))] 0[0]
2.5[5/2] -.5[-1/2] 0[0]
2.5[5/2] .5[1/2] 0[0]
2.80901699437[(9/4+(1/4)*sqrt(5))] -1.4510565163[-1/2-1/8*sqrt(10+2*sqrt(5))+(-1/16+(-1/16)*sqrt(5))*sqrt(10-2*sqrt(5))] 0[0]
2.80901699437[(9/4+(1/4)*sqrt(5))] 1.4510565163[1/2+(3/16+(1/16)*sqrt(5))*sqrt(10+2*sqrt(5))-1/8*sqrt(10-2*sqrt(5))] 0[0]
3.5[7/2] -.5[-1/2] 0[0]
3.5[7/2] .5[1/2] 0[0]
4.5[9/2] -.5[-1/2] 0[0]
4.5[9/2] .5[1/2] 0[0]
-2.4270509831231931 1.4510565162967691 -2.1755705045849466
-2.4270509831231931 1.4510565162967691 -1.1755705045849466
-2.1180339887498947 .49999999999999998 -2.1755705045849466
-2.1180339887498947 .5 -1.1755705045849465
-1.6180339887498947 2.0388417685884179 -2.1755705045849466
-1.6180339887498947 2.0388417685884179 -1.1755705045849465
-1.1180339887498947 .49999999999999998 -2.1755705045849465
-1.1180339887498947 .5 -1.1755705045849465
-.80901699437659638 1.4510565162967691 -2.1755705045849466
-.8090169943765964 1.4510565162967691 -1.1755705045849465
:EOF
