:name
hexagonal prism
:number
24
:symbol
	@P sub 6 @
:sfaces
8 6{4} 2{6}
:svertices
12 12(@4 sup 2@.@6@)
:net
8 6
6 11 7 4 6 10 14
6 8 12 15 13 9 5
4 1 0 2 3
4 3 2 7 8
4 8 7 11 12
4 12 11 16 17
4 17 16 18 19
4 19 18 20 21
:solid
8 6
6 31 29 27 30 32 33
6 23 25 28 26 24 22
4 24 30 27 22
4 22 27 29 23
4 23 29 31 25
4 25 31 33 28
4 28 33 32 26
4 26 32 30 24
:hinges
7
2 2 3 0 2.0943951023931955
3 2 4 0 2.0943951023931955
4 2 5 0 2.0943951023931955
5 2 6 0 2.0943951023931955
6 2 7 0 2.0943951023931955
0 0 4 1 1.5707963267948966
1 0 4 3 1.5707963267948966
:dih
2
6 4 4 2.0943951023931955
12 4 6 1.5707963267948966
:vertices
34 22
-.5[-1/2] -.5[-1/2] 0[0]
-.5[-1/2] .5[1/2] 0[0]
.5[1/2] -.5[-1/2] 0[0]
.5[1/2] .5[1/2] 0[0]
1[1] -1.36602540378[(-1/2+(-1/2)*sqrt(3))] 0[0]
1[1] 1.36602540378[(1/2+(1/2)*sqrt(3))] 0[0]
1.5[3/2] -2.23205080757[(-1/2-sqrt(3))] 0[0]
1.5[3/2] -.5[-1/2] 0[0]
1.5[3/2] .5[1/2] 0[0]
1.5[3/2] 2.23205080757[(1/2+sqrt(3))] 0[0]
2.5[5/2] -2.23205080757[(-1/2-sqrt(3))] 0[0]
2.5[5/2] -.5[-1/2] 0[0]
2.5[5/2] .5[1/2] 0[0]
2.5[5/2] 2.23205080757[(1/2+sqrt(3))] 0[0]
3[3] -1.36602540378[(-1/2+(-1/2)*sqrt(3))] 0[0]
3[3] 1.36602540378[(1/2+(1/2)*sqrt(3))] 0[0]
3.5[7/2] -.5[-1/2] 0[0]
3.5[7/2] .5[1/2] 0[0]
4.5[9/2] -.5[-1/2] 0[0]
4.5[9/2] .5[1/2] 0[0]
5.5[11/2] -.5[-1/2] 0[0]
5.5[11/2] .5[1/2] 0[0]
-2.7499999999999998 1.3660254037829591 -3.897114317029974
-2.4999999999999997 .5 -3.4641016151377546
-2.4999999999999997 2.2320508075692516 -3.4641016151377546
-1.9999999999999998 .50000000000000003 -2.598076211353316
-1.9999999999999997 2.2320508075692515 -2.598076211353316
-1.8839745962155611 1.3660254037829591 -4.397114317029974
-1.7499999999999998 1.3660254037829591 -2.1650635094610967
-1.6339745962155611 .5 -3.9641016151377546
-1.633974596215561 2.2320508075692515 -3.9641016151377547
-1.1339745962155612 .49999999999999999 -3.0980762113533161
-1.133974596215561 2.2320508075692514 -3.098076211353316
-.88397459621556107 1.366025403782959 -2.6650635094610968
:EOF
