:net
12 3
3 7 9 10
3 7 10 3
3 7 3 5
3 11 10 9
3 11 9 13
3 11 13 12
3 6 3 10
3 6 10 8
3 6 8 2
3 1 5 3
3 1 3 0
3 1 0 4
:vertices
14
-1.19569314749 -.390563847883 0[0]
-.609881600786 -.260853278728 0[0]
-.588955493862 .533606938224 0[0]
-.50156635741 .329288914351 0[0]
-.262565641171 -.750109473576 0[0]
-.108315243376 -.590142193079 0[0]
-.00314394716 .66331750738 0[0]
-1.03322056394e-17 -1.96663437089e-17 0[0]
.105171296216 1.25345970046 0[0]
.113904482771 -.589088931151 0[0]
.49842241025 .334028593029 0[0]
.612326893021 -.255060338122 0[0]
.720642136397 .335081854957 0[0]
1.11389325043 -.584349252474 0[0]
:name
triakis tetrahedron
:number
32
:symbol
	@V 3 . 6 sup 2 @
:dual
truncated tetrahedron
:sfaces
12
:svertices
8 4(@F sup 3@) 4(@F sup 6@)
:hinges
11
0 2 1 0 2.2605713275803963
1 2 2 0 2.2605713275803963
3 2 4 0 2.2605713275803963
4 2 5 0 2.2605713275803963
6 2 7 0 2.2605713275803963
7 2 8 0 2.2605713275803963
9 2 10 0 2.2605713275803963
10 2 11 0 2.2605713275803963
0 1 3 1 2.2605713275803963
1 1 6 1 2.2605713275803963
2 1 9 1 2.2605713275803963
:dih
1
18 3 3 2.2605713275803963
:EOF
