:name
tetrakis hexahedron
:number
35
:symbol
	@V 4 . 6 sup 2 @
:dual
truncated octahedron
:sfaces
24
:svertices
14 6(@F sup 4@) 8(@F sup 6@)
:net
24 3
3 10 14 15
3 10 15 6
3 10 6 5
3 10 5 13
3 12 17 16
3 12 16 7
3 12 7 6
3 12 6 15
3 3 5 6
3 3 6 1
3 3 1 0
3 3 0 4
3 8 11 13
3 8 13 5
3 8 5 2
3 8 2 9
3 18 21 20
3 18 20 15
3 18 15 14
3 18 14 19
3 22 25 23
3 22 23 20
3 22 20 21
3 22 21 24
:solid
24 3
3 31 26 29
3 31 29 37
3 31 37 33
3 31 33 26
3 35 29 32
3 35 32 39
3 35 39 37
3 35 37 29
3 38 33 37
3 38 37 39
3 38 39 36
3 38 36 33
3 30 28 26
3 30 26 33
3 30 33 36
3 30 36 28
3 27 28 32
3 27 32 29
3 27 29 26
3 27 26 28
3 34 36 39
3 34 39 32
3 34 32 28
3 34 28 36
:hinges
23
0 2 1 0 2.4980915447965089
1 2 2 0 2.4980915447965089
2 2 3 0 2.4980915447965089
4 2 5 0 2.4980915447965089
5 2 6 0 2.4980915447965089
6 2 7 0 2.4980915447965089
8 2 9 0 2.4980915447965089
9 2 10 0 2.4980915447965089
10 2 11 0 2.4980915447965089
12 2 13 0 2.4980915447965089
13 2 14 0 2.4980915447965089
14 2 15 0 2.4980915447965089
16 2 17 0 2.4980915447965089
17 2 18 0 2.4980915447965089
18 2 19 0 2.4980915447965089
20 2 21 0 2.4980915447965089
21 2 22 0 2.4980915447965089
22 2 23 0 2.4980915447965089
0 1 18 1 2.4980915447965089
1 1 7 1 2.4980915447965089
2 1 8 1 2.4980915447965089
3 1 13 1 2.4980915447965089
16 1 22 1 2.4980915447965089
:dih
1
36 3 3 2.4118649973628269
:vertices
40 26
-1.81018796079 .042058641598099999 0[0]
-1.3766342059 .943186347101 0[0]
-1.09030548402 -1.26331159012 0[0]
-1.08966538187 .250258577394 0[0]
-.962812686481 -.488935844712 0[0]
-.65675172913500001 -.36218388462 0[0]
-.432913652733 .612442462014 0[0]
-.429844986981 1.61243775365 0[0]
-.369782905099 -1.05511165433 0[0]
-.242930209712 -1.79430607643 0[0]
-3.6107590007e-18 2.19198988978e-17 0[0]
.0631307476338 -1.66755411634 0[0]
.127635042462 1.11072467153 0[0]
.286968824036 -.692927769707 0[0]
.557480029443 -.501713082122 0[0]
.560548695194 .49828220951200001 0[0]
.56429928666900001 1.72049867706 0[0]
.782151570617 .744516923968 0[0]
1.11802872464 -.00343087261061 0[0]
1.55094237737 -.615873334625 0[0]
1.55469296884 .60634313292800001 0[0]
1.77254525279 -.369638620169 0[0]
2.209209497 .24013538537 0[0]
2.50042562384 .931288890367 0[0]
2.76668952644 -.26157769675200001 0[0]
2.92844072001 .027517305589 0[0]
2.1348614059626215 -3.5055063523652592 -1.4945951758429601
2.1971258479418365 -3.5038430901685425 -2.2420042825755391
2.3699394365120042 -2.7808563801256379 -2.1423765720580416
2.4788481351989571 -4.1908576815798279 -2.1364414858379189
2.6209396147580064 -2.9358714153021793 -1.4528337892035579
2.702621138771078 -3.9933723913955511 -1.448382474535984
2.713926165750304 -3.4662077093438011 -2.7842228820530743
3.04393315762061 -3.4335621150914584 -1.0842141613423843
3.0552381845985396 -2.906397433034477 -2.4200545688560664
3.1369197086139189 -3.9638984091249418 -2.4156032541981603
3.2790111881713468 -2.7089121428510201 -1.731995557556517
3.3879198868560526 -4.1189134443059676 -1.7260604713375123
3.5607334754296779 -3.39592673425867 -1.6264327608240011
3.6229979174087295 -3.3942634720663633 -2.3738418675512585
:EOF
