:name
trapezoidal icositetrahedron
:number
36
:symbol
	@V 3 . 4 sup 3 @
:dual
rhombicuboctahedron
:sfaces
24
:svertices
26 8(@F sup 3@) 18(@F sup 4@)
:net
24 4
4 5 8 13 10
4 15 17 13 8
4 19 14 13 17
4 2 7 6 0
4 15 8 6 7
4 3 1 6 8
4 18 16 12 11
4 15 7 12 16
4 4 9 12 7
4 26 20 21 24
4 15 16 21 20
4 22 23 21 16
4 27 32 28 25
4 34 30 28 32
4 26 24 28 30
4 43 41 36 37
4 34 32 36 41
4 29 35 36 32
4 47 42 44 49
4 34 41 44 42
4 46 48 44 41
4 31 33 38 39
4 34 42 38 33
4 45 40 38 42
:solid
24 4
4 55 56 51 50
4 61 53 51 56
4 52 50 51 53
4 73 68 63 65
4 61 56 63 68
4 55 65 63 56
4 70 67 71 75
4 61 68 71 67
4 73 75 71 68
4 52 53 59 60
4 61 67 59 53
4 70 60 59 67
4 70 69 62 60
4 64 57 62 69
4 52 60 62 57
4 73 72 74 75
4 64 69 74 72
4 70 75 74 69
4 55 58 66 65
4 64 72 66 58
4 73 65 66 72
4 52 57 54 50
4 64 58 54 57
4 55 50 54 58
:hinges
23
0 1 1 2 2.4106131416534076
1 1 2 2 2.4106131416534076
3 1 4 2 2.4106131416534076
4 1 5 2 2.4106131416534076
6 1 7 2 2.4106131416534076
7 1 8 2 2.4106131416534076
9 1 10 2 2.4106131416534076
10 1 11 2 2.4106131416534076
12 1 13 2 2.4106131416534076
13 1 14 2 2.4106131416534076
15 1 16 2 2.4106131416534076
16 1 17 2 2.4106131416534076
18 1 19 2 2.4106131416534076
19 1 20 2 2.4106131416534076
21 1 22 2 2.4106131416534076
22 1 23 2 2.4106131416534076
1 3 4 0 2.4106131416534076
4 3 7 0 2.4106131416534076
7 3 10 0 2.4106131416534076
9 3 14 0 2.4106131416534076
13 3 16 0 2.4106131416534076
16 3 19 0 2.4106131416534076
19 3 22 0 2.4106131416534076
:dih
1
48 3 3 2.4118649973628269
:vertices
76 50
-.717169671553 -1.56293776056 0[0]
-.708574552532 -1.37178918934 0[0]
-.49304027041 -2.53749715411 0[0]
-.39788312487900001 -.421278359951 0[0]
-.134572525766 -2.99278531964 0[0]
1.72151082703e-17 -2.13696070443e-18 0[0]
.0538725395261 -1.50184064366 0[0]
.43818899398100001 -2.17306326828 0[0]
.496880137844 -.867819179678 0[0]
.760190736957 -3.43932613937 0[0]
.931229264391 .36443388583 0[0]
.94801972829900001 -3.47582165091 0[0]
1.00049784286 -2.70414490742 0[0]
1.10458418488 -.389347926435 0[0]
1.12157570781 .383924494583 0[0]
1.22388543544 -1.55445102956 0[0]
1.72076557328 -2.42227020924 0[0]
1.79664695518 -.734728978195 0[0]
1.94489497442 -3.39682960278 0[0]
2.10733838284 .215781851193 0[0]
2.15511469983 -1.19001714373 0[0]
2.32846962031 -1.943798956 0[0]
2.44777087087 -3.10890205912 0[0]
3.02053239062 -2.28918000776 0[0]
3.0841413475 -2.10872072438 0[0]
3.12273327544 -2.2961302104 0[0]
3.15198994595 -1.1110250956 0[0]
3.5792437972 -3.18584822388 0[0]
3.85518355858 -2.04762360748 0[0]
4.03850885676 -3.53920645952 0[0]
4.12899279768 -1.32425133158 0[0]
4.36665263887 .0621364895147 0[0]
4.39251496525 -2.60396334933 0[0]
4.54579913906 -.92168591898799999 0[0]
5.0023096608199999 -1.81140393247 0[0]
5.0155117084900001 -3.7524326955 0[0]
5.06798982305 -2.98075595201 0[0]
5.20655231033 -3.74170232731 0[0]
5.27824942219 -.67317931607000001 0[0]
5.36610343814 .0952740792913 0[0]
5.55205866129 .050192959831 0[0]
5.69702179275 -2.53069181208 0[0]
5.8155808288600001 -1.22951905792 0[0]
6.15353231451 -3.42040982556 0[0]
6.16867303719 -1.9176795344 0[0]
6.42537552443 -.436959641065 0[0]
6.57033865589 -3.01784441297 0[0]
6.76256083304 -.90822655618099999 0[0]
6.92434476437 -2.08260130278 0[0]
6.94170733323 -1.89204896468 0[0]
4.013036790279519 -4.1600220317849136 -4.9068202312454092
4.1901455804611516 -4.691610473084827 -5.4400042093243232
4.2296533455996171 -4.9180176625861378 -4.2915805286517538
4.3951905792772104 -5.3832929733875388 -5.1611300151283652
4.4121317999132075 -3.7641754465074346 -4.3755316061414312
4.541390220395073 -3.5775261261489755 -5.5245104228480806
4.6156218373957512 -4.4354223178470648 -6.0329431040383192
4.6821950570844605 -4.1842185166349135 -3.7848806048595379
4.9026263151907372 -3.2363478611026104 -4.6566936937778333
5.0032924362924394 -5.6564754815069359 -4.7689280292625439
5.0643488460837798 -5.4074894582424923 -4.0391903887348393
5.0818372917061654 -5.3074924822212444 -5.8841587682514089
5.2252786557480387 -4.7290404549263764 -3.7044554260802532
5.3442815526503273 -4.190197150477445 -6.1175515292153352
5.4877229166803247 -3.6117451231843329 -3.9378481870504863
5.5052113623084514 -3.5117481471705492 -5.7828165665629496
5.5662677721013568 -3.262762123909188 -5.053078926048755
5.6669338931948022 -5.6828897443106442 -5.1653132615237148
5.8873651513157604 -4.7350190887704945 -6.0371263504355892
5.9539383709989462 -4.4838152875498279 -3.7890638512594041
6.0281699879963042 -5.3417114792634769 -4.2974965324460772
6.1574284084804255 -5.1550621589046913 -5.4464753491487841
6.1743696291160879 -3.5359446320254534 -4.6608769401757044
6.339906862795171 -4.0012199428294472 -5.5304264266420904
6.3794146279349101 -4.2276271323253842 -4.3820027459701125
6.5565234181164984 -4.7592155736276434 -4.9151867240452441
:EOF
