:name
hexakis octahedron
:number
37
:symbol
	@V 4 . 6 . 8 @
:dual
great rhombicuboctahedron
:sfaces
48
:svertices
26 12(@F sup 4@) 8(@F sup 6@) 6(@F sup 8@)
:net
48 3
3 7 3 11
3 11 3 8
3 8 14 11
3 11 14 16
3 16 17 11
3 11 17 10
3 1 4 6
3 6 4 9
3 9 14 6
3 6 14 8
3 8 2 6
3 6 2 0
3 15 20 13
3 13 20 18
3 18 14 13
3 13 14 9
3 9 5 13
3 13 5 12
3 24 25 21
3 21 25 19
3 19 14 21
3 21 14 18
3 18 22 21
3 21 22 23
3 26 27 28
3 28 27 31
3 31 35 28
3 28 35 30
3 30 25 28
3 28 25 24
3 37 44 36
3 36 44 39
3 39 35 36
3 36 35 31
3 31 29 36
3 36 29 34
3 49 48 43
3 43 48 41
3 41 35 43
3 43 35 39
3 39 45 43
3 43 45 47
3 40 32 38
3 38 32 33
3 33 35 38
3 38 35 41
3 41 46 38
3 38 46 42
:solid
48 3
3 52 56 50
3 50 56 54
3 54 55 50
3 50 55 51
3 51 53 50
3 50 53 52
3 65 72 59
3 59 72 64
3 64 55 59
3 59 55 54
3 54 56 59
3 59 56 65
3 73 69 67
3 67 69 62
3 62 55 67
3 67 55 64
3 64 72 67
3 67 72 73
3 60 53 57
3 57 53 51
3 51 55 57
3 57 55 62
3 62 69 57
3 57 69 60
3 60 69 66
3 66 69 71
3 71 70 66
3 66 70 61
3 61 53 66
3 66 53 60
3 73 72 75
3 75 72 74
3 74 70 75
3 75 70 71
3 71 69 75
3 75 69 73
3 65 56 68
3 68 56 63
3 63 70 68
3 68 70 74
3 74 72 68
3 68 72 65
3 52 53 58
3 58 53 61
3 61 70 58
3 58 70 63
3 63 56 58
3 58 56 52
:hinges
47
0 1 1 0 2.7066946454792288
1 2 2 2 2.7066946454792288
2 1 3 0 2.7066946454792288
3 2 4 2 2.7066946454792288
4 1 5 0 2.7066946454792288
6 1 7 0 2.7066946454792288
7 2 8 2 2.7066946454792288
8 1 9 0 2.7066946454792288
9 2 10 2 2.7066946454792288
10 1 11 0 2.7066946454792288
12 1 13 0 2.7066946454792288
13 2 14 2 2.7066946454792288
14 1 15 0 2.7066946454792288
15 2 16 2 2.7066946454792288
16 1 17 0 2.7066946454792288
18 1 19 0 2.7066946454792288
19 2 20 2 2.7066946454792288
20 1 21 0 2.7066946454792288
21 2 22 2 2.7066946454792288
22 1 23 0 2.7066946454792288
24 1 25 0 2.7066946454792288
25 2 26 2 2.7066946454792288
26 1 27 0 2.7066946454792288
27 2 28 2 2.7066946454792288
28 1 29 0 2.7066946454792288
30 1 31 0 2.7066946454792288
31 2 32 2 2.7066946454792288
32 1 33 0 2.7066946454792288
33 2 34 2 2.7066946454792288
34 1 35 0 2.7066946454792288
36 1 37 0 2.7066946454792288
37 2 38 2 2.7066946454792288
38 1 39 0 2.7066946454792288
39 2 40 2 2.7066946454792288
40 1 41 0 2.7066946454792288
42 1 43 0 2.7066946454792288
43 2 44 2 2.7066946454792288
44 1 45 0 2.7066946454792288
45 2 46 2 2.7066946454792288
46 1 47 0 2.7066946454792288
2 0 9 1 2.7066946454792288
8 0 15 1 2.7066946454792288
14 0 21 1 2.7066946454792288
18 0 29 1 2.7066946454792288
26 0 33 1 2.7066946454792288
32 0 39 1 2.7066946454792288
38 0 45 1 2.7066946454792288
:dih
1
72 3 3 2.4118649973628269
:vertices
76 50
-.981950574124 -1.82661434192 0[0]
-.91831418382900001 -2.20641099531 0[0]
-.83911132482799999 -.836868440758 0[0]
-.746765412868 -.665087526679 0[0]
-.46066184422200001 -3.09554222075 0[0]
-.317366293461 -3.22784050128 0[0]
-.237738700707 -1.89714836735 0[0]
1.14969603151e-17 2.88233390798e-17 0[0]
.0836590020264 -1.2222188318 0[0]
.286103568646 -2.43045469407 0[0]
.351893506789 .156416265076 0[0]
.469340487706 -.581846945408 0[0]
.60540403339300001 -3.61319089232 0[0]
.85945444607000001 -2.91013701878 0[0]
.964454166201 -1.69571632785 0[0]
.98906369976199999 -3.64636239367 0[0]
1.20312740914 -.724616393187 0[0]
1.34596665843 .265129507972 0[0]
1.50662871985 -2.5359822104 0[0]
1.91344870367 -1.38042381629 0[0]
1.96428105946 -3.42511343584 0[0]
2.11423303147 -2.10050160028 0[0]
2.12815757382 -3.31937348153 0[0]
2.73162743593 -2.52198767433 0[0]
2.85950715976 -2.15874964722 0[0]
2.88866606337 -1.15917485846 0[0]
2.96599518837 -2.52882448812 0[0]
3.52195684134 -3.36003242867 0[0]
3.60690941581 -2.1440449222 0[0]
3.67939078623 -3.47514542921 0[0]
3.84932781454 -1.43689594127 0[0]
4.18809503093 -2.61420408892 0[0]
4.51176912215 .172778910569 0[0]
4.59667020813 -.823610473959 0[0]
4.6400525374 -3.75286651202 0[0]
4.77832925316 -1.80697205108 0[0]
4.81235818573 -3.0254483896 0[0]
5.02499346356 -3.74211609496 0[0]
5.33753179797 -.723858451472 0[0]
5.41269621603 -2.58000410502 0[0]
5.49781464684 .00630301672299 0[0]
5.68522823404 -1.38562393079 0[0]
5.83999178971 -.170360196756 0[0]
5.96673573129 -2.07814099937 0[0]
5.9686578689999999 -3.41121204557 0[0]
6.11942181303 -3.28749186501 0[0]
6.54671738672 -.877847956747 0[0]
6.62812605774 -2.42655052472 0[0]
6.62889263948 -1.0547198814 0[0]
6.71379372547 -2.05110926593 0[0]
2.6133122279038238 -4.3663082302150226 -7.140305645693695
2.8343891236796766 -5.0800291876449795 -7.163837801596551
2.8419869679386627 -4.0977146372750205 -6.4812216553007066
2.886667096895415 -5.0456133045766546 -6.1657984433994139
3.009894100904886 -4.0067697532409839 -7.6621114168954244
3.1604567932353163 -4.8973184004605509 -8.091359576603294
3.1728458528068138 -3.2955543914174693 -6.9782843659031492
3.3382971302138604 -5.6314377767564596 -7.1346547570869689
3.3513947319758703 -3.9380673488691023 -5.9579217083010231
3.6408427234443935 -3.7812913170646378 -7.9936075282074776
3.6831062016314853 -5.5655035406455466 -6.4746655586534303
3.6907040458918208 -4.5831889902828067 -5.7920494123621763
3.8510133346080949 -5.4745586566032474 -7.655555320247756
3.8662090231277648 -3.5099295558781736 -6.2903230276597041
4.0265183118308238 -4.4012992222023037 -8.1538289355476461
4.0341161560950081 -3.4189846718394306 -7.4712127892567944
4.0763796342737318 -5.2031968954186892 -5.952270819699509
4.3658276257560316 -5.046420863604471 -7.9879566396081482
4.3789252275208671 -3.3530504357319652 -6.8112235908168941
4.544376504923661 -5.6889338210650479 -6.9675939820056528
4.5567655644914461 -4.0871698120259693 -5.8545187713067436
4.7073282568126512 -4.9777184592536349 -6.283766931010124
4.83055526083214 -3.9388749079095933 -7.7800799045112476
4.8752353897887335 -4.8867735752081337 -7.4646566926071458
4.8828332340508313 -3.904459024847932 -6.7820405463160945
5.1039101298205366 -4.6181799822850979 -6.8055727022155921
:EOF
