:name
pentagonal icositetrahedron (dextro)
:number
38
:symbol
	@V 3 sup 4 . 4 @
:dual
snub cube (laevo)
:sfaces
24
:svertices
38 32(@F sup 3@) 6(@F sup 4@)
:net
24 5
5 59 56 63 68 66
5 72 73 71 66 68
5 61 66 71 70 65
5 57 55 49 46 51
5 40 43 47 51 46
5 59 51 47 53 56
5 52 54 60 64 58
5 69 67 62 58 64
5 50 58 62 56 53
5 48 53 47 44 42
5 38 34 39 42 44
5 45 42 39 37 41
5 24 17 12 13 19
5 4 15 20 19 13
5 27 19 20 25 32
5 28 35 39 34 31
5 36 29 23 31 34
5 24 31 23 18 17
5 7 2 0 3 5
5 1 6 10 5 3
5 9 5 10 17 18
5 14 18 23 26 21
5 33 30 22 21 26
5 11 21 22 16 8
:solid
24 5
5 90 88 82 76 80
5 74 75 79 80 76
5 90 80 79 87 93
5 90 93 99 107 101
5 111 109 102 101 107
5 90 101 102 97 88
5 94 92 86 78 84
5 74 76 82 84 78
5 94 84 82 88 97
5 94 97 102 109 105
5 111 110 106 105 109
5 94 105 106 98 92
5 95 89 83 77 85
5 74 78 86 85 77
5 95 85 86 92 98
5 95 98 106 110 104
5 111 108 103 104 110
5 95 104 103 96 89
5 91 87 79 75 81
5 74 77 83 81 75
5 91 81 83 89 96
5 91 96 103 108 100
5 111 107 99 100 108
5 91 100 99 93 87
:hinges
23
0 3 1 3 2.3790449148388107
1 2 2 1 2.3790449148388107
3 3 4 3 2.3790449148388107
4 2 5 1 2.3790449148388107
6 3 7 3 2.3790449148388107
7 2 8 1 2.3790449148388107
9 3 10 3 2.3790449148388107
10 2 11 1 2.3790449148388107
12 3 13 3 2.3790449148388107
13 2 14 1 2.3790449148388107
15 3 16 3 2.3790449148388107
16 2 17 1 2.3790449148388107
18 3 19 3 2.3790449148388107
19 2 20 1 2.3790449148388107
21 3 22 3 2.3790449148388107
22 2 23 1 2.3790449148388107
5 4 0 0 2.3790449148388107
8 3 5 3 2.3790449148388107
9 1 5 2 2.3790449148388107
17 4 12 0 2.3790449148388107
20 3 17 3 2.3790449148388107
21 1 17 2 2.3790449148388107
10 1 15 2 2.3790449148388107
:dih
1
60 3 3 2.4118649973628269
:vertices
112 74
-10.548175435 -1.32023134861 0[0]
-10.154023521 -3.48802246942 0[0]
-10.1178760126 -.417545131235 0[0]
-9.9093893309400001 -2.08961572149 0[0]
-9.08737168902 -4.86858137149 0[0]
-8.9429651919199999 -1.83266361794 0[0]
-8.73447851028 -3.50473420819 0[0]
-8.69833100189 -.43425687001200001 0[0]
-8.3600078450699999 1.49970577605 0[0]
-8.3320934664499999 -.551171107385 0[0]
-8.3041790878399999 -2.60204799082 0[0]
-8.2204641976699999 .0869372564203 0[0]
-8.1997995904700001 -2.851928242 0[0]
-8.1015047302200001 -3.84708557652 0[0]
-8.0722825354700001 -.267803587364 0[0]
-7.92071229567 -5.6774652812600001 0[0]
-7.49796320342 2.00653813078 0[0]
-7.33775494882 -2.34509588727 0[0]
-7.1654340731 -1.36005501716 0[0]
-7.15696251426 -4.17547559201 0[0]
-7.05866765402 -5.17063292653 0[0]
-6.8484865687499999 .45171760858800001 0[0]
-6.67616569303 1.4367584787 0[0]
-6.19900993408 -1.10310291361 0[0]
-6.17109555546 -3.15397979704 0[0]
-6.11412543806 -5.49902294201 0[0]
-6.02668905836 -.118062043493 0[0]
-5.9331665475400001 -3.45595439605 0[0]
-5.80485802003 -3.27089403441 0[0]
-5.76871051163 -.200416696229 0[0]
-5.7097415540100001 1.69371058225 0[0]
-5.56022383 -1.87248728648 0[0]
-5.4196785267099999 -4.77947899803 0[0]
-4.80289309164 .601459152459 0[0]
-4.59379969098 -1.61553518293 0[0]
-4.38531300934 -3.28760577319 0[0]
-4.34916550094 -.217128435006 0[0]
-4.12733446261 -3.36996042593 0[0]
-3.98292796551 -.33404267237900001 0[0]
-3.95501358689 -2.38491955581 0[0]
-3.43030874369 .421315759488 0[0]
-3.30553695222 -3.93974007801 0[0]
-2.98858944787 -2.12796745226 0[0]
-2.84977514326 -.87420269207900001 0[0]
-2.81626857216 -1.14292658215 0[0]
-2.0817409855 -3.22021888205 0[0]
-2.05833111477 .786096111655 0[0]
-1.84984443314 -.885974478599 0[0]
-1.82193005452 -2.93685136203 0[0]
-1.62803169232 1.68878232903 0[0]
-1.45569251909 -3.05376559941 0[0]
-1.41954501069 .0167117387766 0[0]
-1.40812513732 -3.43525769035 0[0]
-1.21105832905 -1.65535885148 0[0]
-.827591536883 -4.73077614192 0[0]
-.62810098220299999 1.67701054251 0[0]
-.244634190033 -1.39840674793 0[0]
-.0475673817687 .381492090944 0[0]
-.036147508398 -3.07047733818 0[0]
2.27814051332e-17 1.39501487595e-16 0[0]
.172339173237 -4.7425479284399999 0[0]
.174253708405 .342687199014 0[0]
.39415191405 -2.16779112081 0[0]
.57716332035200001 -1.96818640001 0[0]
.602638595685 -3.83986171106 0[0]
1.1601206672 1.36418299398 0[0]
1.34091310176 -.466196710756 0[0]
1.39408262417 -2.17956290733 0[0]
1.439207962 -1.46135404528 0[0]
1.97461622461 -3.47508135889 0[0]
2.10466288316 1.0357929785 0[0]
2.20295774341 .040635643975 0[0]
2.78012106376 -1.92755075603 0[0]
3.02475525379 -.529144008105 0[0]
-3.9604303365816494 .011956177020310085 -14.174510179295146
-3.5406830985198994 .94115664525709473 -13.18669133681253
-3.4753345374477474 1.0423852695335745 -15.022027300381383
-3.3164939769100769 -.88206695446547856 -13.279269471617249
-3.2511454158366906 -.78083833018314098 -15.114605435189102
-3.146062076982877 1.7865980797339889 -13.546556631345057
-3.1105327823358146 1.8416349705301389 -14.54440862933674
-3.0431653411473114 .53994010123425547 -12.417600077001792
-2.9229705982956928 .72612856912245839 -15.793309206149983
-2.9212761789700772 -.45132653761886373 -12.467933791717
-2.801081436108527 -.26513806972605691 -15.843642920866548
-2.7337139949434233 -1.5668329390254876 -13.71683436853488
-2.6981847002936294 -1.5117960482307938 -14.714686366519328
-2.3173441229031529 2.0949493339957149 -13.079495546911483
-2.094577104992286 1.2599482102149319 -15.963017223159405
-2.0067951337632517 -.77457779538555516 -12.22455539845093
-1.891716102823111 2.3449595751559429 -15.070277019439584
-1.8901578412936843 1.2621207838056621 -12.012117541511325
-1.7840281158555851 -1.6095789191565781 -15.108077074703002
-1.5862828255945075 2.4087813484261351 -13.685349362841173
-1.4798286393573711 -.6883867413765241 -16.144539794576699
-1.4782703778533038 -1.771225532732061 -13.086380316649034
-1.3611724668045745 -.054611655785175905 -11.969957421762062
-1.2774282557745392 .71670932580374774 -16.155784628804977
-1.0523178970011875 -1.7466836784036549 -14.440392687722757
-.67180178037663889 2.0855300906633658 -13.441970969568726
-.63535124854829776 1.5003975769805108 -12.631852891655867
-.57032714825776738 1.8270945881070428 -15.103957956662408
-.44871030169590583 1.0250605800504892 -15.688723544358676
-.44701588236966688 -.15239452670865765 -12.363348129948698
-.32539903581616864 -.9544285347575594 -12.948113717641463
-.26037493551119606 -.62773152362766037 -15.420218782652389
-.22392440369092317 -1.2128640373127252 -14.610100704741562
-.11943784123487896 1.7692733902497748 -14.213252875340613
-.05239486082156224 .69304690778126661 -12.723213424482545
.10425041385104065 .29410286199792121 -15.288804475695111
.17129339425051278 -.78212362046520757 -13.798765024831711
.59044385590925678 .56177786541107889 -13.982147156797843
:EOF
