:name
rhombic triacontahedron
:number
39
:symbol
	@V 3 . 5 . 3 . 5 @
:dual
icosidodecahedron
:sfaces
30
:svertices
32 20(@F sup 3@) 12(@F sup 5@)
:net
30 4
4 3 0 2 5
4 2 6 9 5
4 2 1 4 6
4 9 6 8 12
4 8 13 16 12
4 8 7 10 13
4 15 11 14 17
4 14 18 21 17
4 14 12 16 18
4 21 18 20 24
4 20 25 28 24
4 20 19 22 25
4 27 23 26 29
4 26 30 33 29
4 26 24 28 30
4 33 30 32 36
4 32 37 40 36
4 32 31 34 37
4 39 35 38 41
4 38 42 45 41
4 38 36 40 42
4 45 42 44 48
4 44 49 52 48
4 44 43 46 49
4 51 47 50 53
4 50 54 57 53
4 50 48 52 54
4 57 54 56 59
4 56 60 61 59
4 56 55 58 60
:solid
30 4
4 76 82 74 70
4 74 66 62 70
4 74 75 67 66
4 62 66 67 63
4 67 69 65 63
4 67 77 79 69
4 76 70 62 68
4 62 64 71 68
4 62 63 65 64
4 71 64 65 72
4 65 73 81 72
4 65 69 79 73
4 76 68 71 78
4 71 80 88 78
4 71 72 81 80
4 88 80 81 89
4 81 85 93 89
4 81 73 79 85
4 76 78 88 86
4 88 92 90 86
4 88 89 93 92
4 90 92 93 91
4 93 87 84 91
4 93 85 79 87
4 76 86 90 82
4 90 83 74 82
4 90 91 84 83
4 74 83 84 75
4 84 77 67 75
4 84 87 79 77
:hinges
29
0 2 1 3 2.5132741228718346
1 0 2 3 2.5132741228718346
1 1 3 0 2.5132741228718346
3 2 4 3 2.5132741228718346
4 0 5 3 2.5132741228718346
6 2 7 3 2.5132741228718346
7 0 8 3 2.5132741228718346
7 1 9 0 2.5132741228718346
9 2 10 3 2.5132741228718346
10 0 11 3 2.5132741228718346
12 2 13 3 2.5132741228718346
13 0 14 3 2.5132741228718346
13 1 15 0 2.5132741228718346
15 2 16 3 2.5132741228718346
16 0 17 3 2.5132741228718346
18 2 19 3 2.5132741228718346
19 0 20 3 2.5132741228718346
19 1 21 0 2.5132741228718346
21 2 22 3 2.5132741228718346
22 0 23 3 2.5132741228718346
24 2 25 3 2.5132741228718346
25 0 26 3 2.5132741228718346
25 1 27 0 2.5132741228718346
27 2 28 3 2.5132741228718346
28 0 29 3 2.5132741228718346
4 2 8 1 2.5132741228718346
10 2 14 1 2.5132741228718346
16 2 20 1 2.5132741228718346
22 2 26 1 2.5132741228718346
:dih
1
60 3 3 2.4118649973628269
:vertices
94 62
-.848521685476 -.529160608206 0[0]
-.840481007634 -2.52106300735 0[0]
-.75469648291200001 -1.52474929404 0[0]
-7.64120349475e-17 8.31894632555e-17 0[0]
.0122850625731 -3.0433560568 0[0]
.093825202563700001 -.995588685836 0[0]
.0980695872942 -2.04704234349 0[0]
.106110265137 -4.03894474263 0[0]
.191894789858 -3.04263102933 0[0]
.94659127277000001 -1.51788173529 0[0]
.95887633534400001 -4.56123779208 0[0]
1.03237579749 -.52156802198200001 0[0]
1.04041647533 -2.51347042112 0[0]
1.04466086006 -3.56492407878 0[0]
1.12620100006 -1.51715670782 0[0]
1.88089748297 .0075925862240900001 0[0]
1.89318254554 -3.03576347057 0[0]
1.97472268553 -.98799609961199999 0[0]
1.97896707026 -2.03944975727 0[0]
1.9870077481 -4.03135215641 0[0]
2.07279227283 -3.0350384431 0[0]
2.82748875574 -1.51028914906 0[0]
2.83977381831 -4.55364520586 0[0]
2.91327328046 -.51397543575800001 0[0]
2.9213139583 -2.5058778349 0[0]
2.92555834303 -3.55733149255 0[0]
3.00709848302 -1.50956412159 0[0]
3.76179496594 .0151851724482 0[0]
3.77408002851 -3.02817088435 0[0]
3.8556201685 -.980403513387 0[0]
3.85986455323 -2.03185717104 0[0]
3.86790523107 -4.02375957018 0[0]
3.95368975579 -3.02744585688 0[0]
4.7083862387099999 -1.50269656284 0[0]
4.72067130128 -4.54605261963 0[0]
4.79417076343 -.506382849533 0[0]
4.80221144127 -2.49828524867 0[0]
4.806455826 -3.54973890633 0[0]
4.88799596599 -1.50197153537 0[0]
5.6426924489 .0227777586723 0[0]
5.6549775114800001 -3.02057829812 0[0]
5.73651765147 -.97281092716299999 0[0]
5.7407620362 -2.02426458482 0[0]
5.74880271404 -4.01616698396 0[0]
5.83458723876 -3.01985327066 0[0]
6.58928372167 -1.49510397661 0[0]
6.60156878425 -4.53846003341 0[0]
6.6750682464 -.498790263309 0[0]
6.68310892424 -2.49069266245 0[0]
6.68735330897 -3.54214632011 0[0]
6.76889344896 -1.49437894914 0[0]
7.52358993187 .0303703448963 0[0]
7.53587499444 -3.0129857119 0[0]
7.61741513444 -.96521834093900001 0[0]
7.62165951917 -2.0166719986 0[0]
7.62970019701 -4.00857439774 0[0]
7.71548472173 -3.01226068443 0[0]
8.47018120464 -1.48751139039 0[0]
8.48246626721 -4.53086744719 0[0]
8.5640064072099999 -2.48310007623 0[0]
8.5682507919399999 -3.53455373388 0[0]
9.4167724774099999 -3.00539312568 0[0]
-5.1877436788428821 -5.6171965102150254 -1.5710424092229283
-5.1283992802406526 -6.6147805674696704 -1.6071573792052748
-5.0061676628834646 -6.0859865794670508 -.70659690984700692
-4.946823264278755 -7.0835706367216398 -.74271187982002066
-4.7697989754438547 -6.0109919827576511 -2.3897287659576113
-4.7104545768351376 -7.0085760400230509 -2.4258437359329038
-4.5720240640576618 -5.1553853371182997 -.93259131761688667
-4.5288785608799259 -7.477366109272061 -1.5613982365597221
-4.4259401813465037 -5.1090361273820787 -1.9728240122411487
-4.3904480480987141 -5.6241754063691889 -.068145818237362276
-4.3311036494967659 -6.6217594636334841 -.10426078821514426
-4.0361227620001182 -7.4816793042997899 -.63255706174898596
-4.0079954779410201 -5.5028315999287483 -2.7915103689711071
-3.9486510793348848 -6.5004156571947962 -2.8276253389474176
-3.8102205665561857 -4.6472249542887257 -1.3343729206304569
-3.7997540745489009 -7.406684707597666 -2.3156889178579889
-3.6286445505981093 -5.1160150235413095 -.46992742125492503
-3.618178058588691 -7.8754747768496932 -1.4512434184811833
-3.479747545816942 -6.0222840739466048 .042008999836270544
-3.4204031472161169 -7.0198681312107176 .0058940298597783547
-3.3922758631575768 -5.0410204268352068 -2.1530592773645031
-3.0972949756542077 -5.9009402675113628 -2.6813555509014566
-3.0379505770440725 -6.8985243247653931 -2.7174705208748977
-3.0024584438081121 -7.413663603756769 -.81279232687332033
-2.8995200642713605 -5.0453336218640089 -1.2242181025594934
-2.8563745610853686 -7.3673143940215836 -1.8530250214949041
-2.7179440483164156 -5.5141236911208993 -.3597726031760634
-2.6585996497148285 -6.5117077483752461 -.39588757315343717
-2.481575360870078 -5.4391290944075613 -2.0429044592869327
-2.4222309622654736 -6.436713151672001 -2.0790194292667516
-2.2999993449125275 -5.9079191636655942 -1.1784589599101109
-2.2406549463072009 -6.9055032209255078 -1.2145739298848531
:EOF
