:name
triakis icosahedron
:number
40
:symbol
	@V 3 . 10 sup 2 @
:dual
truncated dodecahedron
:sfaces
60
:svertices
32 20(@F sup 3@) 12(@F sup 10@)
:net
60 3
3 4 6 8
3 4 8 0
3 4 0 2
3 16 18 20
3 16 20 12
3 16 12 14
3 28 30 32
3 28 32 24
3 28 24 26
3 40 42 44
3 40 44 36
3 40 36 38
3 52 54 56
3 52 56 48
3 52 48 50
3 9 7 5
3 9 5 13
3 9 13 11
3 21 19 17
3 21 17 25
3 21 25 23
3 33 31 29
3 33 29 37
3 33 37 35
3 45 43 41
3 45 41 49
3 45 49 47
3 57 55 53
3 57 53 61
3 57 61 59
3 3 1 0
3 3 0 8
3 3 8 5
3 10 12 13
3 10 13 5
3 10 5 8
3 15 13 12
3 15 12 20
3 15 20 17
3 22 24 25
3 22 25 17
3 22 17 20
3 27 25 24
3 27 24 32
3 27 32 29
3 34 36 37
3 34 37 29
3 34 29 32
3 39 37 36
3 39 36 44
3 39 44 41
3 46 48 49
3 46 49 41
3 46 41 44
3 51 49 48
3 51 48 56
3 51 56 53
3 58 60 61
3 58 61 53
3 58 53 56
:solid
60 3
3 85 76 91
3 85 91 82
3 85 82 76
3 83 76 78
3 83 78 91
3 83 91 76
3 71 76 63
3 71 63 78
3 71 78 76
3 67 76 65
3 67 65 63
3 67 63 76
3 74 76 82
3 74 82 65
3 74 65 76
3 88 79 92
3 88 92 90
3 88 90 79
3 81 79 90
3 81 90 73
3 81 73 79
3 70 79 73
3 70 73 64
3 70 64 79
3 72 79 64
3 72 64 77
3 72 77 79
3 84 79 77
3 84 77 92
3 84 92 79
3 89 92 82
3 89 82 91
3 89 91 92
3 93 91 90
3 93 90 92
3 93 92 91
3 87 90 91
3 87 91 78
3 87 78 90
3 80 78 73
3 80 73 90
3 80 90 78
3 69 73 78
3 69 78 63
3 69 63 73
3 66 63 64
3 66 64 73
3 66 73 63
3 62 64 63
3 62 63 65
3 62 65 64
3 68 65 77
3 68 77 64
3 68 64 65
3 75 77 65
3 75 65 82
3 75 82 77
3 86 82 92
3 86 92 77
3 86 77 82
:hinges
59
0 2 1 0 2.8032178560848059
1 2 2 0 2.8032178560848059
3 2 4 0 2.8032178560848059
4 2 5 0 2.8032178560848059
6 2 7 0 2.8032178560848059
7 2 8 0 2.8032178560848059
9 2 10 0 2.8032178560848059
10 2 11 0 2.8032178560848059
12 2 13 0 2.8032178560848059
13 2 14 0 2.8032178560848059
15 2 16 0 2.8032178560848059
16 2 17 0 2.8032178560848059
18 2 19 0 2.8032178560848059
19 2 20 0 2.8032178560848059
21 2 22 0 2.8032178560848059
22 2 23 0 2.8032178560848059
24 2 25 0 2.8032178560848059
25 2 26 0 2.8032178560848059
27 2 28 0 2.8032178560848059
28 2 29 0 2.8032178560848059
30 2 31 0 2.8032178560848059
31 2 32 0 2.8032178560848059
33 2 34 0 2.8032178560848059
34 2 35 0 2.8032178560848059
36 2 37 0 2.8032178560848059
37 2 38 0 2.8032178560848059
39 2 40 0 2.8032178560848059
40 2 41 0 2.8032178560848059
42 2 43 0 2.8032178560848059
43 2 44 0 2.8032178560848059
45 2 46 0 2.8032178560848059
46 2 47 0 2.8032178560848059
48 2 49 0 2.8032178560848059
49 2 50 0 2.8032178560848059
51 2 52 0 2.8032178560848059
52 2 53 0 2.8032178560848059
54 2 55 0 2.8032178560848059
55 2 56 0 2.8032178560848059
57 2 58 0 2.8032178560848059
58 2 59 0 2.8032178560848059
1 1 31 1 2.8032178560848059
4 1 37 1 2.8032178560848059
7 1 43 1 2.8032178560848059
10 1 49 1 2.8032178560848059
13 1 55 1 2.8032178560848059
16 1 34 1 2.8032178560848059
19 1 40 1 2.8032178560848059
22 1 46 1 2.8032178560848059
25 1 52 1 2.8032178560848059
28 1 58 1 2.8032178560848059
32 1 35 1 2.8032178560848059
38 1 41 1 2.8032178560848059
44 1 47 1 2.8032178560848059
50 1 53 1 2.8032178560848059
56 1 59 1 2.8032178560848059
33 1 36 1 2.8032178560848059
39 1 42 1 2.8032178560848059
45 1 48 1 2.8032178560848059
51 1 54 1 2.8032178560848059
:dih
1
90 3 3 2.4118649973628269
:vertices
94 62
-1.01320351487 -1.16977998261 0[0]
-.528830295465 -.294918516823 0[0]
-.52675702345199999 -2.04349035281 0[0]
-.513552805645 -.87489606386400001 0[0]
-.512854927033 -1.46347820769 0[0]
-.499650709226 -.294883918748 0[0]
-.497577437213 -2.04345575473 0[0]
-.0152774898199 .57997754704100001 0[0]
-.0132042178064 -1.16859428894 0[0]
-2.09313667357e-17 1.88904636228e-17 0[0]
.000697878612331 -.588582143827 0[0]
.0139020964188 .580012145116 0[0]
.0159753684323 -1.16855969087 0[0]
.500348587839 -.293698225079 0[0]
.502421859852 -2.04227006106 0[0]
.51562607765899999 -.873675772119 0[0]
.51632395627100001 -1.46225791595 0[0]
.52952817407699999 -.293663627004 0[0]
.53160144609100001 -2.04223546299 0[0]
1.01390139348 .58119783878500001 0[0]
1.0159746655 -1.1673739972 0[0]
1.0291788833 .00122029174424 0[0]
1.02987676192 -.58736185208199999 0[0]
1.04308097972 .58123243686000001 0[0]
1.04515425174 -1.16733939912 0[0]
1.52952747114 -.292477933334 0[0]
1.53160074316 -2.04104976932 0[0]
1.54480496096 -.872455480375 0[0]
1.54550283957 -1.4610376242 0[0]
1.55870705738 -.292443335259 0[0]
1.56078032939 -2.04101517124 0[0]
2.04308027679 .582418130529 0[0]
2.0451535488 -1.16615370545 0[0]
2.05835776661 .00244058348848 0[0]
2.05905564522 -.586141560338 0[0]
2.07225986303 .582452728604 0[0]
2.07433313504 -1.16611910738 0[0]
2.55870635445 -.29125764159 0[0]
2.56077962646 -2.03982947757 0[0]
2.57398384427 -.871235188631 0[0]
2.57468172288 -1.45981733246 0[0]
2.58788594068 -.291223043515 0[0]
2.5899592127 -2.0397948795 0[0]
3.07225916009 .583638422273 0[0]
3.0743324321 -1.16493341371 0[0]
3.08753664991 .00366087523273 0[0]
3.08823452852 -.584921268594 0[0]
3.10143874633 .583673020348 0[0]
3.10351201834 -1.16489881563 0[0]
3.58788523775 -.290037349846 0[0]
3.58995850976 -2.03860918583 0[0]
3.60316272757 -.870014896887 0[0]
3.60386060618 -1.45859704071 0[0]
3.61706482399 -.29000275177100001 0[0]
3.619138096 -2.03857458775 0[0]
4.10143804339 .584858714018 0[0]
4.10351131541 -1.16371312197 0[0]
4.1167155332100001 .0048811669769699999 0[0]
4.11741341183 -.58370097685 0[0]
4.13061762963 .584893312093 0[0]
4.13269090165 -1.16367852389 0[0]
4.61706412105 -.288817058102 0[0]
4.254615838067299 -2.2671426221023636 -3.393835484868355
4.2805220873376861 -2.0250510190637757 -3.9204547769162034
4.3038867986205182 -1.9283805507582788 -2.9254126115673118
4.3506574548723844 -2.8368482505793258 -3.3407425335435096
4.424525882334323 -1.7153990140095898 -3.4514282322967496
4.4684317845316144 -2.5682220696633208 -3.8413187404915692
4.4903653815928816 -2.4774727736861075 -2.9072240003949856
4.7433520111853608 -1.675482158694843 -3.9345057633337187
4.7652856082466056 -1.5847328627264946 -3.0004110232333256
4.7704873510532629 -2.2025557934753064 -4.1754713492877765
4.8059766565910274 -2.0557203481388034 -2.6640743110972043
4.8245118263710933 -1.2981156714210673 -3.5013603195754069
4.8363268503118914 -2.9646295531541713 -3.6312671173808734
4.8498825587921663 -2.9085434037906197 -3.0539648192913045
4.9001883378591122 -2.7680472874203568 -4.1733782498735112
4.937993234857062 -2.611631183992677 -2.5633662061002754
5.1930464451567505 -1.8170582539010091 -4.2726455008412051
5.23085134215865 -1.6606421504727661 -2.6626334570646443
5.2811571212228391 -1.5201460341003846 -3.7820468876526045
5.2947128297116882 -1.4640598847354779 -3.2047445895601465
5.3065278536512992 -3.13057376647109 -3.3346513873659236
5.3250630234221498 -2.3729690897581311 -4.1719373958447802
5.3605523289649727 -2.2261336444186214 -2.6605403576480568
5.3657540717689994 -2.8439565751695841 -3.8356006837013675
5.3876876688377018 -2.7532072791984685 -2.9015059436076225
5.6406742984216337 -1.9512166642050744 -3.9287877065486652
5.6626078954867028 -1.8604673682296231 -2.994692966451256
5.7065137976835659 -2.7132904238829758 -3.3845834746412926
5.7803822251442122 -1.5918411873089384 -3.4952691734012558
5.8271528813938391 -2.500308887136161 -3.9105990953721026
5.8505175926803326 -2.4036384188273692 -2.9155569300206707
5.8764238419493329 -2.1615468157934987 -3.4421762220707599
:EOF
