:name
hexakis icosahedron
:number
43
:symbol
	@V 4 . 6 . 10 @
:dual
great rhombicosidodecahedron
:sfaces
120
:svertices
62 30(@F sup 4@) 20(@F sup 6@) 12(@F sup 10@)
:net
120 3
3 33 34 38
3 25 34 33
3 21 34 25
3 16 34 21
3 23 34 16
3 31 34 23
3 37 34 31
3 43 34 37
3 45 34 43
3 46 34 45
3 33 32 24
3 38 32 33
3 42 32 38
3 48 32 42
3 41 32 48
3 36 32 41
3 28 32 36
3 20 32 28
3 19 32 20
3 17 32 19
3 21 9 15
3 25 9 21
3 18 9 25
3 12 9 18
3 7 9 12
3 2 9 7
3 1 9 2
3 0 9 1
3 6 9 0
3 10 9 6
3 23 13 30
3 16 13 23
3 11 13 16
3 5 13 11
3 4 13 5
3 3 13 4
3 8 13 3
3 14 13 8
3 22 13 14
3 27 13 22
3 37 39 44
3 31 39 37
3 29 39 31
3 26 39 29
3 35 39 26
3 40 39 35
3 49 39 40
3 54 39 49
3 52 39 54
3 51 39 52
3 45 55 47
3 43 55 45
3 50 55 43
3 56 55 50
3 58 55 56
3 61 55 58
3 60 55 61
3 59 55 60
3 57 55 59
3 53 55 57
3 76 67 74
3 77 67 76
3 72 67 77
3 65 67 72
3 63 67 65
3 59 67 63
3 60 67 59
3 62 67 60
3 64 67 62
3 70 67 64
3 82 78 88
3 75 78 82
3 71 78 75
3 66 78 71
3 68 78 66
3 69 78 68
3 73 78 69
3 80 78 73
3 86 78 80
3 91 78 86
3 96 105 103
3 89 105 96
3 92 105 89
3 94 105 92
3 101 105 94
3 109 105 101
3 114 105 109
3 117 105 114
3 115 105 117
3 111 105 115
3 99 113 98
3 102 113 99
3 110 113 102
3 116 113 110
3 119 113 116
3 121 113 119
3 120 113 121
3 118 113 120
3 112 113 118
3 106 113 112
3 90 95 84
3 97 95 90
3 104 95 97
3 108 95 104
3 107 95 108
3 100 95 107
3 93 95 100
3 85 95 93
3 81 95 85
3 79 95 81
3 76 87 77
3 75 87 76
3 82 87 75
3 89 87 82
3 96 87 89
3 102 87 96
3 99 87 102
3 97 87 99
3 90 87 97
3 83 87 90
:solid
120 3
3 156 138 151
3 159 138 156
3 150 138 159
3 143 138 150
3 136 138 143
3 126 138 136
3 127 138 126
3 132 138 127
3 140 138 132
3 151 138 140
3 156 170 159
3 151 170 156
3 158 170 151
3 166 170 158
3 174 170 166
3 181 170 174
3 180 170 181
3 177 170 180
3 168 170 177
3 159 170 168
3 150 164 143
3 159 164 150
3 168 164 159
3 177 164 168
3 176 164 177
3 172 164 176
3 163 164 172
3 152 164 163
3 148 164 152
3 143 164 148
3 136 134 126
3 143 134 136
3 148 134 143
3 152 134 148
3 145 134 152
3 139 134 145
3 131 134 139
3 124 134 131
3 123 134 124
3 126 134 123
3 127 122 132
3 126 122 127
3 123 122 126
3 124 122 123
3 125 122 124
3 128 122 125
3 129 122 128
3 133 122 129
3 130 122 133
3 132 122 130
3 140 144 151
3 132 144 140
3 130 144 132
3 133 144 130
3 142 144 133
3 153 144 142
3 160 144 153
3 166 144 160
3 158 144 166
3 151 144 158
3 169 171 162
3 179 171 169
3 182 171 179
3 181 171 182
3 174 171 181
3 166 171 174
3 160 171 166
3 153 171 160
3 157 171 153
3 162 171 157
3 155 141 146
3 162 141 155
3 157 141 162
3 153 141 157
3 142 141 153
3 133 141 142
3 129 141 133
3 128 141 129
3 137 141 128
3 146 141 137
3 149 135 154
3 146 135 149
3 137 135 146
3 128 135 137
3 125 135 128
3 124 135 125
3 131 135 124
3 139 135 131
3 147 135 139
3 154 135 147
3 165 161 173
3 154 161 165
3 147 161 154
3 139 161 147
3 145 161 139
3 152 161 145
3 163 161 152
3 172 161 163
3 175 161 172
3 173 161 175
3 178 183 179
3 173 183 178
3 175 183 173
3 172 183 175
3 176 183 172
3 177 183 176
3 180 183 177
3 181 183 180
3 182 183 181
3 179 183 182
3 169 167 179
3 162 167 169
3 155 167 162
3 146 167 155
3 149 167 146
3 154 167 149
3 165 167 154
3 173 167 165
3 178 167 173
3 179 167 178
:hinges
119
0 0 1 1 2.8778366104612243
1 0 2 1 2.8778366104612243
2 0 3 1 2.8778366104612243
3 0 4 1 2.8778366104612243
4 0 5 1 2.8778366104612243
5 0 6 1 2.8778366104612243
6 0 7 1 2.8778366104612243
7 0 8 1 2.8778366104612243
8 0 9 1 2.8778366104612243
10 0 11 1 2.8778366104612243
11 0 12 1 2.8778366104612243
12 0 13 1 2.8778366104612243
13 0 14 1 2.8778366104612243
14 0 15 1 2.8778366104612243
15 0 16 1 2.8778366104612243
16 0 17 1 2.8778366104612243
17 0 18 1 2.8778366104612243
18 0 19 1 2.8778366104612243
20 0 21 1 2.8778366104612243
21 0 22 1 2.8778366104612243
22 0 23 1 2.8778366104612243
23 0 24 1 2.8778366104612243
24 0 25 1 2.8778366104612243
25 0 26 1 2.8778366104612243
26 0 27 1 2.8778366104612243
27 0 28 1 2.8778366104612243
28 0 29 1 2.8778366104612243
30 0 31 1 2.8778366104612243
31 0 32 1 2.8778366104612243
32 0 33 1 2.8778366104612243
33 0 34 1 2.8778366104612243
34 0 35 1 2.8778366104612243
35 0 36 1 2.8778366104612243
36 0 37 1 2.8778366104612243
37 0 38 1 2.8778366104612243
38 0 39 1 2.8778366104612243
40 0 41 1 2.8778366104612243
41 0 42 1 2.8778366104612243
42 0 43 1 2.8778366104612243
43 0 44 1 2.8778366104612243
44 0 45 1 2.8778366104612243
45 0 46 1 2.8778366104612243
46 0 47 1 2.8778366104612243
47 0 48 1 2.8778366104612243
48 0 49 1 2.8778366104612243
50 0 51 1 2.8778366104612243
51 0 52 1 2.8778366104612243
52 0 53 1 2.8778366104612243
53 0 54 1 2.8778366104612243
54 0 55 1 2.8778366104612243
55 0 56 1 2.8778366104612243
56 0 57 1 2.8778366104612243
57 0 58 1 2.8778366104612243
58 0 59 1 2.8778366104612243
60 0 61 1 2.8778366104612243
61 0 62 1 2.8778366104612243
62 0 63 1 2.8778366104612243
63 0 64 1 2.8778366104612243
64 0 65 1 2.8778366104612243
65 0 66 1 2.8778366104612243
66 0 67 1 2.8778366104612243
67 0 68 1 2.8778366104612243
68 0 69 1 2.8778366104612243
70 0 71 1 2.8778366104612243
71 0 72 1 2.8778366104612243
72 0 73 1 2.8778366104612243
73 0 74 1 2.8778366104612243
74 0 75 1 2.8778366104612243
75 0 76 1 2.8778366104612243
76 0 77 1 2.8778366104612243
77 0 78 1 2.8778366104612243
78 0 79 1 2.8778366104612243
80 0 81 1 2.8778366104612243
81 0 82 1 2.8778366104612243
82 0 83 1 2.8778366104612243
83 0 84 1 2.8778366104612243
84 0 85 1 2.8778366104612243
85 0 86 1 2.8778366104612243
86 0 87 1 2.8778366104612243
87 0 88 1 2.8778366104612243
88 0 89 1 2.8778366104612243
90 0 91 1 2.8778366104612243
91 0 92 1 2.8778366104612243
92 0 93 1 2.8778366104612243
93 0 94 1 2.8778366104612243
94 0 95 1 2.8778366104612243
95 0 96 1 2.8778366104612243
96 0 97 1 2.8778366104612243
97 0 98 1 2.8778366104612243
98 0 99 1 2.8778366104612243
100 0 101 1 2.8778366104612243
101 0 102 1 2.8778366104612243
102 0 103 1 2.8778366104612243
103 0 104 1 2.8778366104612243
104 0 105 1 2.8778366104612243
105 0 106 1 2.8778366104612243
106 0 107 1 2.8778366104612243
107 0 108 1 2.8778366104612243
108 0 109 1 2.8778366104612243
110 0 111 1 2.8778366104612243
111 0 112 1 2.8778366104612243
112 0 113 1 2.8778366104612243
113 0 114 1 2.8778366104612243
114 0 115 1 2.8778366104612243
115 0 116 1 2.8778366104612243
116 0 117 1 2.8778366104612243
117 0 118 1 2.8778366104612243
118 0 119 1 2.8778366104612243
0 2 11 2 2.8778366104612243
2 2 21 2 2.8778366104612243
4 2 31 2 2.8778366104612243
6 2 41 2 2.8778366104612243
8 2 51 2 2.8778366104612243
110 2 61 2 2.8778366104612243
112 2 71 2 2.8778366104612243
114 2 81 2 2.8778366104612243
116 2 91 2 2.8778366104612243
118 2 101 2 2.8778366104612243
57 2 66 2 2.8778366104612243
:dih
1
180 3 3 2.4118649973628269
:vertices
184 122
-2.85502180042 -.74164576825799999 0[0]
-2.78868588456 -.108501343786 0[0]
-2.7001135482 .521916975432 0[0]
-2.47288835012 -2.87240398412 0[0]
-2.40655243426 -2.23925955965 0[0]
-2.3179800979 -1.60884124043 0[0]
-2.3178539244 -1.08329323121 0[0]
-2.09632461224 .72368723285500001 0[0]
-1.9357204741 -3.21405144708 0[0]
-1.79611715981 -.230186703003 0[0]
-1.76899763044 -1.40582863168 0[0]
-1.71419116193 -1.40707098301 0[0]
-1.48581015794 .90408794536299999 0[0]
-1.41398370951 -2.36094491886 0[0]
-1.38686418013 -3.53658684754 0[0]
-1.14503462396 -1.20945221595 0[0]
-1.10367670764 -1.2266702705 0[0]
-1.07371134708 .488431309458 0[0]
-1.05214963846 .43802907589400001 0[0]
-1.00737543122 1.12157573393 0[0]
-.91880309486 1.75199405315 0[0]
-.87983166001800002 -.630712461061 0[0]
-.853464177687 -3.18908612328 0[0]
-.670016188151 -1.69272913997 0[0]
-.636607542581 .00177558494799 0[0]
-.63515615091400001 -.0429997666107 0[0]
-.375133934991 -3.40680361185 0[0]
-.332621439739 -2.82303263224 0[0]
-.315014158896 1.95376431057 0[0]
-.308798019132 -2.77365918738 0[0]
-.25302270061 -2.17375798247 0[0]
-.22022568277 -2.14324086816 0[0]
-.0148067064715 .999890374713 0[0]
0 0 0[0]
.0499791692707 -.99875026039500001 0[0]
.16203394103 -3.74845107481 0[0]
.295500295396 2.13416502308 0[0]
.383563253194 -1.94147061074 0[0]
.63627582937799999 .0206248617664 0[0]
.68377070561800001 -2.8953445466 0[0]
.710890234991 -4.07098647527 0[0]
.72916081488400001 1.66810615361 0[0]
.901478793322 .599364616655 0[0]
.97987893740400001 -1.71858068109 0[0]
.994077707486 -1.76106989823 0[0]
1.04621485326 -1.08543625662 0[0]
1.09023219809 -.450349814213 0[0]
1.13478718962 -.45501793740200001 0[0]
1.14615430243 1.18707731111 0[0]
1.24429023744 -3.72348575101 0[0]
1.51704681342 -2.06022814405 0[0]
1.55212515399 -2.10235654837 0[0]
1.66967259672 -2.72802012784 0[0]
1.67650392626 -.088362094197200001 0[0]
1.76513297539 -3.35743225998 0[0]
2.03878357801 -1.20712161584 0[0]
2.06590310739 -2.38276354451 0[0]
2.29468747132 -.240419387956 0[0]
2.59930310983 -2.03526282025 0[0]
2.90713802638 -.414133617608 0[0]
3.02468546912 -1.03979719708 0[0]
3.12014584778 -1.66920932922 0[0]
3.16417440495 -1.66093740086 0[0]
3.41477848714 -.0299806811739 0[0]
3.78235795001 -1.81299469462 0[0]
3.93562122509 .336072809862 0[0]
3.95019772006 -2.31102133798 0[0]
4.0040894974 -.837886946272 0[0]
4.0677451628 -2.93668491746 0[0]
4.20723409863 -3.55782512124 0[0]
4.40550892534 -1.94320674443 0[0]
4.4578381808200001 -1.92686840155 0[0]
4.49548623226 .0330489003744 0[0]
4.82541764369 -3.709882415 0[0]
4.9339892655399999 -1.55771736697 0[0]
4.97868091877 -1.56081491051 0[0]
5.00032518139 -.92457294249599999 0[0]
5.04434252622 -.28948650009000001 0[0]
5.04714919109 -2.73477466665 0[0]
5.258275126 .73432280484 0[0]
5.44856861903 -3.84009446481 0[0]
5.47224903915 1.33389555311 0[0]
5.5385459259399999 -1.86383882 0[0]
5.55893199886 .114359020817 0[0]
5.56809514798 .158210763577 0[0]
5.70718671939 1.9255682687 0[0]
5.84293775924 -3.34034923249 0[0]
5.99899408436 -.976152223616 0[0]
6.0874022199 -2.18637422047 0[0]
6.10872630837 -2.1469759731 0[0]
6.18627869304 .00615346981785 0[0]
6.21947892564 -2.82703737214 0[0]
6.22627375111 -2.77263955257 0[0]
6.3415462513900001 1.9790500426 0[0]
6.36576268694 -3.39377975635 0[0]
6.40801024043 .981261218168 0[0]
6.61636676913 -1.76282303666 0[0]
6.80942966838 -.124058579993 0[0]
6.85313991118 -.114242607341 0[0]
6.9706873539200001 -.73990618681300001 0[0]
6.9773947696600001 2.01017845061 0[0]
6.98394623201 -3.54583705011 0[0]
7.11017628975 -1.3610463906 0[0]
7.13720950708 -1.39676954563 0[0]
7.20379880859 .375686652323 0[0]
7.2056777794 -2.57072930176 0[0]
7.24926786116 .40631111452799999 0[0]
7.28873274255 1.45489385456 0[0]
7.58033997498 .88899851267800001 0[0]
7.6070972073400001 -3.67604909992 0[0]
7.72835983481 -1.51310368435 0[0]
7.77506230862 -1.54181206932 0[0]
7.8836273931500001 .459792888427 0[0]
7.9500913822 -.53799593600400001 0[0]
8.0014663475500001 -3.1763038676 0[0]
8.08640028152 -2.09709666536 0[0]
8.35151081014 -1.64331573416 0[0]
8.3780075139500001 -2.66299200725 0[0]
8.51947591142 .490921296437 0[0]
8.74587995035 -1.14357050185 0[0]
8.8308138843199999 -.0643632996082 0[0]
9.12242111675 -.630258641494 0[0]
-14.58732603882153 -4.1864365843694727 4.8102231397134357
-14.370330999821125 -3.7252916857376753 5.6706059240088018
-14.352773528434085 -3.1718356279230024 5.3565192429236187
-14.329510189029135 -3.2242334257825926 4.7224958965164013
-14.230152417262151 -4.2914671872335267 5.9256894053911342
-14.160791845792226 -4.7647706132138995 5.5056354873614836
-14.152481246366307 -3.3380862772720504 4.1216876095912915
-14.094742386482364 -3.9540413182696337 3.9715612377994062
-13.990468715837955 -4.9061456610297651 4.4555681228760771
-13.960432628127628 -2.7357626620592726 5.6038677872266328
-13.954076120750475 -5.1496881951144866 5.0426242778435006
-13.90607269718928 -4.560466388533892 3.927689852272352
-13.905560950530945 -3.2841267486248776 6.4383052789357814
-13.830156193859769 -2.3585651186982946 4.6869435461154003
-13.791714284896366 -4.2762998494927569 6.3870073780749794
-13.68484401479041 -2.9645122945912076 3.9048231010104124
-13.518497376420544 -5.2042663556958723 6.1335696454993538
-13.450224584854293 -2.408656032476766 5.7987044404450084
-13.411852000905412 -5.4571538247873442 5.1719695769402381
-13.396489917212 -3.7066761797931325 3.2998068351967209
-13.345802541595334 -4.6464245298412775 3.6378953273761246
-13.251819459247208 -4.2202579503204721 6.7196411086994949
-13.203874175135792 -5.4654162660849488 4.1938709336264423
-13.128484787560546 -2.6752082563318788 6.2790228044097899
-13.126144864790567 -2.6776552337827518 3.8007048873213383
-13.087663976764298 -2.1741499963792148 5.33091277691482
-13.024211116916495 -3.6273125991014037 6.7630296894896519
-12.917340846809525 -2.3155250442009354 4.2808454124209909
-12.814671962885607 -4.6667915265793154 6.5980592528423568
-12.80511862799972 -5.608888710932467 5.2908117180506459
-12.769797550043985 -3.0566166622850855 6.6411600843004113
-12.727447457100383 -4.6555078009725975 3.4868099222461419
-12.692126379152345 -2.1032357523260567 4.8371582884962101
-12.682573044264353 -3.0453329366818602 3.5299107537051022
-12.579904160336752 -5.3965994190620944 5.8471245941234956
-12.473033890233165 -4.0848118641618059 3.3649403170552156
-12.409581030378008 -5.5379744668767769 4.7970572296366359
-12.371100142363961 -5.0344692294802591 6.32726511922455
-12.368760219583125 -5.0369162069219875 3.8489472021347366
-12.293370832009843 -2.2467081971694131 5.9340990729187439
-12.245425547902953 -3.4918665129398914 3.4083288978451765
-12.151442465551709 -3.0656999334199185 6.4900746791755208
-12.10075508994424 -4.005448283466438 6.8281631713565156
-12.085393006243817 -2.2549706384703001 4.9560004296080449
-12.047020422287273 -5.3034684307782592 4.3292655661022867
-11.978747630729533 -2.5078581075671939 3.9944003610408094
-11.812400992359224 -4.7476121686680594 6.2231469055385891
-11.705530722256272 -3.435824613768492 3.7409626284652746
-11.667088813289077 -5.3535593445623282 5.4410264604396211
-11.591684056614126 -4.4279977146366626 3.6896647276098118
-11.591172309953786 -3.1516580747245155 6.2002801542715495
-11.543168886396535 -2.5624362681438067 5.0853457287019844
-11.536812379016229 -4.9763618011971116 4.5241022193194935
-11.506776291311613 -2.8059788022246975 5.6724018836699717
-11.402502620665945 -3.7580831449907637 6.1564087687497885
-11.344763760783802 -4.3740381859889258 6.006282396960355
-11.336453161356345 -2.9473538500473124 4.6223345191779822
-11.26709258988463 -3.4206572760259789 4.2022806011514454
-11.167734818120744 -4.4878910374775894 5.405474110035284
-11.144471478713462 -4.540288835337463 4.7714507636235448
-11.126914007326656 -3.9868327775215839 4.4573640825301148
-10.909918968325464 -3.5256878788892701 5.3177468668246043
:EOF
