:name
pentagonal hexecontahedron (dextro)
:number
44
:symbol
	@V 3 sup 4 . 5 @
:dual
snub dodecahedron (laevo)
:sfaces
60
:svertices
92 80(@F sup 3@) 12(@F sup 5@)
:net
60 5
5 48 64 68 61 54
5 48 54 49 40 35
5 48 35 25 22 32
5 48 32 29 42 47
5 48 47 56 62 60
5 57 73 80 79 69
5 57 69 67 58 52
5 57 52 45 37 44
5 57 44 34 43 50
5 57 50 54 61 66
5 17 27 26 19 13
5 17 13 9 3 7
5 17 7 1 6 11
5 17 11 15 21 24
5 17 24 35 40 31
5 16 12 8 2 5
5 16 5 0 4 10
5 16 10 14 20 23
5 16 23 33 38 28
5 16 28 32 22 18
5 53 39 30 36 46
5 53 46 51 59 65
5 53 65 76 77 70
5 53 70 74 63 55
5 53 55 47 42 41
5 83 78 82 85 87
5 83 87 92 93 90
5 83 90 91 86 84
5 83 84 81 72 71
5 83 71 60 62 75
5 133 117 113 120 127
5 133 127 132 141 146
5 133 146 156 159 149
5 133 149 152 139 134
5 133 134 125 119 121
5 124 108 101 102 112
5 124 112 114 123 129
5 124 129 136 144 137
5 124 137 147 138 131
5 124 131 127 120 115
5 164 154 155 162 168
5 164 168 172 178 174
5 164 174 180 175 170
5 164 170 166 160 157
5 164 157 146 141 150
5 165 169 173 179 176
5 165 176 181 177 171
5 165 171 167 161 158
5 165 158 148 143 153
5 165 153 149 159 163
5 128 142 151 145 135
5 128 135 130 122 116
5 128 116 105 104 111
5 128 111 107 118 126
5 128 126 134 139 140
5 98 103 99 96 94
5 98 94 89 88 91
5 98 91 90 95 97
5 98 97 100 109 110
5 98 110 121 119 106
:solid
60 5
5 245 260 265 257 249
5 245 249 240 229 227
5 245 227 213 212 222
5 245 222 225 238 247
5 245 247 254 264 260
5 241 256 263 259 250
5 241 250 243 231 223
5 241 223 211 209 219
5 241 219 217 229 240
5 241 240 249 257 256
5 200 217 219 209 201
5 200 201 194 185 186
5 200 186 184 188 195
5 200 195 204 212 213
5 200 213 227 229 217
5 207 204 195 188 192
5 207 192 190 197 205
5 207 205 214 224 226
5 207 226 239 238 225
5 207 225 222 212 204
5 252 239 226 224 236
5 252 236 234 246 253
5 252 253 262 270 267
5 252 267 271 264 254
5 252 254 247 238 239
5 273 271 267 270 272
5 273 272 269 266 268
5 273 268 261 259 263
5 273 263 256 257 265
5 273 265 260 264 271
5 210 221 235 242 233
5 210 233 237 230 216
5 210 216 208 198 196
5 210 196 189 191 203
5 210 203 206 218 221
5 255 251 258 266 269
5 255 269 272 270 262
5 255 262 253 246 244
5 255 244 232 230 237
5 255 237 233 242 251
5 215 232 244 246 234
5 215 234 236 224 214
5 215 214 205 197 199
5 215 199 193 198 208
5 215 208 216 230 232
5 182 193 199 197 190
5 182 190 192 188 184
5 182 184 186 185 183
5 182 183 187 191 189
5 182 189 196 198 193
5 202 187 183 185 194
5 202 194 201 209 211
5 202 211 223 231 220
5 202 220 228 218 206
5 202 206 203 191 187
5 248 228 220 231 243
5 248 243 250 259 261
5 248 261 268 266 258
5 248 258 251 242 235
5 248 235 221 218 228
:hinges
59
0 4 1 0 2.6734732271767847
1 4 2 0 2.6734732271767847
2 4 3 0 2.6734732271767847
3 4 4 0 2.6734732271767847
5 4 6 0 2.6734732271767847
6 4 7 0 2.6734732271767847
7 4 8 0 2.6734732271767847
8 4 9 0 2.6734732271767847
10 4 11 0 2.6734732271767847
11 4 12 0 2.6734732271767847
12 4 13 0 2.6734732271767847
13 4 14 0 2.6734732271767847
15 4 16 0 2.6734732271767847
16 4 17 0 2.6734732271767847
17 4 18 0 2.6734732271767847
18 4 19 0 2.6734732271767847
20 4 21 0 2.6734732271767847
21 4 22 0 2.6734732271767847
22 4 23 0 2.6734732271767847
23 4 24 0 2.6734732271767847
25 4 26 0 2.6734732271767847
26 4 27 0 2.6734732271767847
27 4 28 0 2.6734732271767847
28 4 29 0 2.6734732271767847
30 4 31 0 2.6734732271767847
31 4 32 0 2.6734732271767847
32 4 33 0 2.6734732271767847
33 4 34 0 2.6734732271767847
35 4 36 0 2.6734732271767847
36 4 37 0 2.6734732271767847
37 4 38 0 2.6734732271767847
38 4 39 0 2.6734732271767847
40 4 41 0 2.6734732271767847
41 4 42 0 2.6734732271767847
42 4 43 0 2.6734732271767847
43 4 44 0 2.6734732271767847
45 4 46 0 2.6734732271767847
46 4 47 0 2.6734732271767847
47 4 48 0 2.6734732271767847
48 4 49 0 2.6734732271767847
50 4 51 0 2.6734732271767847
51 4 52 0 2.6734732271767847
52 4 53 0 2.6734732271767847
53 4 54 0 2.6734732271767847
55 4 56 0 2.6734732271767847
56 4 57 0 2.6734732271767847
57 4 58 0 2.6734732271767847
58 4 59 0 2.6734732271767847
0 3 9 2 2.6734732271767847
1 3 14 2 2.6734732271767847
2 3 19 2 2.6734732271767847
3 3 24 2 2.6734732271767847
4 3 29 2 2.6734732271767847
30 3 39 2 2.6734732271767847
31 3 44 2 2.6734732271767847
32 3 49 2 2.6734732271767847
33 3 54 2 2.6734732271767847
34 3 59 2 2.6734732271767847
27 1 57 1 2.6734732271767847
:dih
1
150 3 3 2.4118649973628269
:vertices
274 182
-5.7897879115800001 -2.80761669086 0[0]
-5.62044484574 1.74245918164 0[0]
-5.61659031376 -1.05249040074 0[0]
-5.44724724792 3.49758547176 0[0]
-5.31891465278 -3.68981756036 0[0]
-5.23389293563 -1.9763641566 0[0]
-5.1495715869400001 .86025831213700001 0[0]
-5.0645498698 2.5737117159 0[0]
-4.98236552247 -.279341699569 0[0]
-4.8130224566299999 4.27073417293 0[0]
-4.31891496984 -3.69061388707 0[0]
-4.14957190401 .85946198542600001 0[0]
-4.0014982338 -.474019284345 0[0]
-3.83215516796 4.07605658815 0[0]
-3.7643445957 -4.52275071483 0[0]
-3.59500152986 .0273251576639 0[0]
-3.49249862184 -2.14820666942 0[0]
-3.32315555601 2.40186920308 0[0]
-3.31500500407 -.40737927390700001 0[0]
-3.12563306362 4.78374756314 0[0]
-2.76902314758 -4.42613179884 0[0]
-2.59968008175 .123944073655 0[0]
-2.38989400094 -.0276825108488 0[0]
-2.38485484459 -3.5028687188 0[0]
-2.21551177875 1.0472071537 0[0]
-2.19203385945 .95254775006400001 0[0]
-2.16839442405 4.49444808696 0[0]
-1.97209570009 3.51390394671 0[0]
-1.81666800484 -1.64464361633 0[0]
-1.72024133332 -1.6592556802 0[0]
-1.65241191737 -4.70866571759 0[0]
-1.647324939 2.90543225617 0[0]
-1.61880786335 -.66441335541800001 0[0]
-1.4036787461 -3.30975356207 0[0]
-1.35320542483 3.33070829436 0[0]
-1.23433568027 1.24032231042 0[0]
-1.18153865857 -5.5908665870800001 0[0]
-1.18000782701 5.08583458449 0[0]
-1.11127390266 -2.35345893826 0[0]
-1.09651694143 -3.87741318332 0[0]
-.94193083682100001 2.19661693424 0[0]
-.894839437395 -3.21783753958 0[0]
-.890797435108 -2.2178457085 0[0]
-.882332166028 2.44850742486 0[0]
-.797310448886 4.1619608286200001 0[0]
-.54578303572500001 5.85898328566 0[0]
-.181538975637 -5.59166291379 0[0]
-.0070729080754 -1.74983827232 0[0]
-8.3200392927e-17 8.3333007964399999e-17 0[0]
.039245261667200001 2.38973209096 0[0]
.117667516904 2.44771109815 0[0]
.37303139851 -6.42379974156 0[0]
.43508425294699999 5.66430570088 0[0]
.644877372364 -4.04925569614 0[0]
.672237891051 1.61557427039 0[0]
.82237099013400001 -2.30842830063 0[0]
.87283939941099999 -2.22497439085 0[0]
.944083864904 3.99011831581 0[0]
1.14160635729 6.37199667587 0[0]
1.36835284662 -6.3271808255700001 0[0]
1.61338389116 -.677477988604 0[0]
1.66755933916 1.71219318638 0[0]
1.70677180253 -1.67310778828 0[0]
1.74748199327 -1.92873153757 0[0]
1.74985201191 -.00139345433874 0[0]
1.75252114962 -5.40391774552 0[0]
2.05172764216 2.63545626643 0[0]
2.09884499686 6.08269719969 0[0]
2.22212971331 .880056358619 0[0]
2.29514372082 5.10215305944 0[0]
2.32070798937 -3.54569264305 0[0]
2.44731629428 -.125611386034 0[0]
2.45135829657 .87438044504100001 0[0]
2.48916524201 3.16871248223 0[0]
2.51856813085 -2.56546238214 0[0]
2.62878313184 -2.06027068502 0[0]
2.7336972481 -5.2108025888 0[0]
3.02610209155 -4.2545079649899999 0[0]
3.16061675604 -2.49943676025 0[0]
3.21964882551 4.7209833972 0[0]
3.31949772829 3.72598078584 0[0]
3.3350828236 1.34238788122 0[0]
3.71518713019 -3.33157358801 0[0]
3.98703310404 -.95702954259599999 0[0]
4.1645267218099999 .783797852916 0[0]
4.7105085783 -3.23495467202 0[0]
5.08963772495 1.16349461597 0[0]
5.09467688129 -2.31169159198 0[0]
5.15532976035 1.23557909334 0[0]
5.44773460379 2.19187371715 0[0]
5.66286372104 -.453466489509 0[0]
5.86072386253 .526763771404 0[0]
6.0758529797800001 -2.11857643525 0[0]
6.36825782322 -1.16228181144 0[0]
6.4289107022800001 2.38498887387 0[0]
6.43394985862 -1.09019733408 0[0]
6.81307900527 3.30825195392 0[0]
7.35906086176 -.71050057102 0[0]
7.53655447953 1.03032682449 0[0]
7.80840045338 3.40487086991 0[0]
8.18850475997 -1.26909059933 0[0]
8.2040898552799999 -3.65268350395 0[0]
8.3039387580699999 -4.64768611531 0[0]
8.3629708275300001 2.57273404214 0[0]
8.49748549202 4.32780524688 0[0]
8.78989033547 5.28409987069 0[0]
8.89480445173 2.13356796692 0[0]
9.00501945272 2.63875966404 0[0]
9.03442234156 -3.09541520033 0[0]
9.0722292870000001 -.80108316314600001 0[0]
9.0762712892899999 .19890866793 0[0]
9.2028795942099999 3.61898992495 0[0]
9.2284438627500001 -5.02885577754 0[0]
9.3014578702599999 -.806759076724 0[0]
9.4247425867200001 -6.00939991779 0[0]
9.47185994142 -2.56215898453 0[0]
9.77106643396 5.47721502742 0[0]
9.7737355716600001 .0746907362343 0[0]
9.7761055903 2.00202881947 0[0]
9.8168157810400001 1.74640507018 0[0]
9.85602824441 -1.63889590449 0[0]
9.9102036924100001 .75077527049999999 0[0]
10.1552347369 6.40047810746 0[0]
10.3819812263 -6.29869939397 0[0]
10.5795037187 -3.91682103391 0[0]
10.6507481842 2.29827167275 0[0]
10.7012165934 2.38172558252 0[0]
10.8513496925 -1.5422769885 0[0]
10.8787102112 4.12255297804 0[0]
11.0885033306 -5.59100841899 0[0]
11.1505561851 6.49709702345 0[0]
11.4059200667 -2.37441381626 0[0]
11.4843423219 -2.31643480906 0[0]
11.5235875836 .073297281895599999 0[0]
11.5306604916 1.82313555422 0[0]
11.7051265592 5.66496019569 0[0]
12.0693706193 -5.78568600376 0[0]
12.3208980325 -4.08866354673 0[0]
12.4059197496 -2.37521014297 0[0]
12.4143850187 2.2911429904 0[0]
12.418427021 3.29113482147 0[0]
12.4655184204 -2.12331965234 0[0]
12.620104525 3.95071046522 0[0]
12.6348614862 2.42675622016 0[0]
12.7035954106 -5.01253730259 0[0]
12.7051262421 5.66416386898 0[0]
12.7579232638 -1.16702502853 0[0]
12.8767930084 -3.25741101247 0[0]
12.9272663297 3.38305084397 0[0]
13.1423954469 .737710637314 0[0]
13.1709125226 -2.83213497427 0[0]
13.1759995009 4.78196299948 0[0]
13.2438289169 1.73255296209 0[0]
13.3402555884 1.71794089823 0[0]
13.4956832837 -3.44060666482 0[0]
13.6919820076 -4.42115080506 0[0]
13.715621443 -.87925046816900001 0[0]
13.7390993623 -.97390987180499999 0[0]
13.9084424282 3.57616600069 0[0]
13.9134815845 .100979792744 0[0]
14.1232676653 -.050646791759000001 0[0]
14.2926107312 4.49942908074 0[0]
14.6492206472 -4.71045028124 0[0]
14.8385925876 .48067655580200001 0[0]
14.8467431396 -2.32857192118 0[0]
15.0160862054 2.22150395131 0[0]
15.1185891134 .0459721242317 0[0]
15.2879321793 4.59604799673 0[0]
15.3557427515 -4.00275930626 0[0]
15.5250858174 .54731656624 0[0]
15.6731594876 -.786164703531 0[0]
15.8425025534 3.76391116897 0[0]
16.3366100402 -4.19743689103 0[0]
16.505953106 .352638981464 0[0]
16.5881374534 -2.500414434 0[0]
16.6731591705 -.786961030241 0[0]
16.7574805192 2.0496614385 0[0]
16.8425022363 3.76311484226 0[0]
16.9708348315 -3.42428818987 0[0]
17.1401778973 1.12578768263 0[0]
17.1440324293 -1.66916189974 0[0]
17.3133754952 2.88091397276 0[0]
3.9249809704618223 -5.1321568288036608 -8.9572423932117915
4.1972581645964019 -3.9291920628268127 -7.7159829897662107
4.2014724308621173 -5.8435266150703761 -7.3826029091241013
4.3645365886832089 -4.2448400125910571 -6.7819678396578481
4.3667053679722296 -5.2300101289861292 -6.6104011234465808
4.5775871563036635 -3.0460298283326412 -7.9905268398644983
4.5857761131100294 -6.7658714241630001 -7.3427189163300245
4.5919271290765588 -3.646484504697723 -9.5975115336349459
4.5987459551719713 -6.7439428761346539 -9.0580912319722293
4.7806948467695733 -2.9005406098315654 -8.9588140665575546
4.7902241829382508 -7.2292508223667445 -8.2049720810617894
4.8400602297562023 -5.3860961772025225 -10.426980043905388
4.9026344367510845 -3.659381539411444 -6.1755941247829246
5.1134655520946453 -7.0222656062494586 -6.5329004926250431
5.131438084033852 -3.6954964650507683 -10.438062398979002
5.138667917029608 -6.9796551205190048 -9.8661283678635239
5.259134319452916 -4.5907492994683459 -10.864930099735829
5.2628549937871972 -6.2808692218675103 -10.570596846794922
5.3118765691198215 -5.8314448899843754 -5.2661869909423238
5.412310879032899 -4.0923757596106082 -5.4321252758045561
5.4979854437137347 -2.1408177550342931 -6.8092385176174334
5.4982423124008269 -2.2460146463877063 -9.1969766115357567
5.8156045808081914 -7.727463500128985 -6.6313723912970901
5.8393742230123924 -7.6872753668633497 -9.7751104591757154
5.971890417656054 -1.7741868782920329 -8.4533126890711061
6.051019018679059 -8.442652916267102 -8.2109508625357603
6.0771793389254435 -4.7353899348288606 -11.421600049279464
6.233242096343552 -3.6329309576425494 -5.0930347120131715
6.3521495032755682 -2.4710927720553004 -10.707660679114808
6.4978279653623409 -2.766610793939259 -5.5166898687809721
6.5912151665165924 -7.71204546834079 -6.0003490132635219
6.6205942384076107 -6.992306038365396 -5.3067266209812397
6.6244333346478957 -7.6558823946189097 -10.393735282970455
6.6939430495817873 -6.365841093200346 -11.573966550816774
6.7210232937447326 -3.9765550978056577 -11.519756312402868
6.8052908078177051 -5.1815345298287209 -4.6264101230027388
6.9066003026361599 -1.4578088329387182 -8.6152458954133206
6.9501085379495625 -4.193442531328236 -4.6783911535281391
7.1586645042284286 -1.6014964179563604 -6.9243973583135149
7.3145250024218244 -1.6312442492034776 -9.5116373253691575
7.4572671371980722 -8.1062180317830033 -6.3078908385765113
7.4642389025321388 -2.5100514142869452 -5.5016172048747242
7.4858128973513504 -8.0579547552899315 -10.083311273391602
7.4984745581962891 -8.4934004131403342 -7.2289726764293948
7.5131650049581132 -8.4685627808258492 -9.1719096540767269
7.5143551177230027 -6.7076554521029587 -4.9600776135798437
7.5173474490187266 -1.3689374908254377 -7.8284232929608373
7.6094051394531353 -5.7757817752935288 -4.609967711045041
7.6807316309821924 -4.1926239408784226 -11.699406423648231
7.8043238731383028 -1.9104509609367144 -6.2260628613011032
7.9420378029618716 -5.1552443793020263 -11.770687389161988
8.0702452097084496 -2.700777067060782 -10.947194128886627
8.2802593728089295 -6.960207983298215 -11.135432027744913
8.3100068430802196 -1.7059487383159505 -9.5702474288572426
8.3379473003136884 -7.6999412409171364 -10.465009168090788
8.3750789750357078 -3.5360728748280628 -11.404749905904386
8.383536467801999 -8.5105968832682926 -7.6941282391989888
8.3910965826891972 -8.4978147428186788 -8.6940179638935768
8.512624314045657 -5.3481548146584167 -4.646441060029984
8.5961937208705521 -3.6025646230038716 -4.7354075838984988
8.6989216039286124 -2.2563602478616208 -10.309025121385275
8.7719612647540766 -1.9692829000793016 -6.4714537357127747
8.8828363921666902 -5.4065899918962801 -11.543259603822729
8.9379872671470963 -7.4973129441762175 -5.6017134555119462
9.0568946741676741 -6.3354747585629935 -11.216339422748645
9.1770763013561674 -8.1396333743689966 -7.2117584561198241
9.2391177517645631 -1.5257527999517012 -8.0984232720727758
9.2694465942067692 -5.8767115850477593 -5.0309508475854802
9.3445047185482308 -2.6243707709111126 -5.9784487914990944
9.5966923021478368 -2.672503772934637 -10.164690995331117
9.7921513267740992 -7.8275879612251587 -9.5001356169862423
9.8470671641398855 -6.4859900885408089 -10.622224474589551
9.933064509518758 -7.776976533364706 -7.7567005124835747
9.9782602013134358 -4.1369608261790218 -11.043187143835545
9.9924425361885398 -4.3784151359307354 -5.4499208676320698
10.03100245101275 -5.3776564167428397 -5.4444440348909775
10.05451110584565 -2.514578553098346 -9.2897843900464208
10.151468853465522 -2.9887505957036208 -6.4432457667939321
10.297064799500511 -6.7617226121526882 -6.4225661400931462
10.340014639684404 -2.6773280154715287 -7.3746245635378895
10.418261061120356 -5.6990640448735167 -10.388804394269476
10.484915781261463 -3.8914308974450723 -6.1712505109611842
10.50944192369133 -7.0678651064145903 -7.3505600680494062
10.55984352831428 -5.8331078505370382 -6.1606081965272663
10.704360657381281 -3.2025342920568818 -8.9666552183383141
10.832903815465496 -6.5336005176268127 -8.948397673373236
10.851288763183538 -3.286289718508463 -7.9810603926860031
10.859448276543761 -4.0093058333869444 -9.5368021384560697
10.925600181848425 -5.7235657036682488 -9.5274062950328846
10.972524404615087 -6.427989023782486 -7.9638407662064997
11.152647465656077 -4.8539688550155594 -9.0889420984033713
11.365155800036141 -4.8362488874415336 -7.3521317414182036
:EOF
