:name
triangular cupola (J3)
:number
47
:symbol
	@Q sub 3 @
:sfaces
8 4{3} 3{4} 1{6}
:svertices
9 6(@3@.@4@.@6@) 3(@3@.@4@.@3@.@4@)
:net
8 6
6 2 4 9 13 10 5
3 6 11 7
4 11 6 5 10
3 11 10 14
4 7 11 15 12
3 7 12 8
4 6 7 3 1
3 6 1 0
:solid
8 6
6 16 19 23 24 21 17
3 18 22 20
4 22 18 17 21
3 22 21 24
4 20 22 24 23
3 20 23 19
4 18 20 19 16
3 18 16 17
:hinges
7
1 0 2 0 2.1862760354652839
2 3 3 0 2.1862760354652839
1 1 4 0 2.1862760354652839
4 3 5 0 2.1862760354652839
1 2 6 0 2.1862760354652839
6 3 7 0 2.1862760354652839
0 4 2 2 .95531661812450928
:dih
3
9 3 4 2.1862760354652839
3 3 6 1.2309594173407747
3 4 6 .95531661812450928
:vertices
25 16
-1.36602540378444[(-1/2+(-1/2)*sqrt(3))] 1.36602540378444[(1/2+(1/2)*sqrt(3))] 0[0]
-1.36602540378444[(-1/2+(-1/2)*sqrt(3))] 2.36602540378444[(3/2+(1/2)*sqrt(3))] 0[0]
-1[-1] 0[0] 0[0]
-.866025403784439[(-1/2)*sqrt(3)] 3.23205080756888[(3/2+sqrt(3))] 0[0]
-.5[-1/2] -.866025403784439[(-1/2)*sqrt(3)] 0[0]
-.5[-1/2] .866025403784439[(1/2)*sqrt(3)] 0[0]
-.5[-1/2] 1.86602540378444[(1+(1/2)*sqrt(3))] 0[0]
0[0] 2.73205080756888[(1+sqrt(3))] 0[0]
0[0] 3.73205080756888[(2+sqrt(3))] 0[0]
.5[1/2] -.866025403784439[(-1/2)*sqrt(3)] 0[0]
.5[1/2] .866025403784439[(1/2)*sqrt(3)] 0[0]
.5[1/2] 1.86602540378444[(1+(1/2)*sqrt(3))] 0[0]
.866025403784439[(1/2)*sqrt(3)] 3.23205080756888[(3/2+sqrt(3))] 0[0]
1[1] 0[0] 0[0]
1.36602540378444[(1/2+(1/2)*sqrt(3))] 1.36602540378444[(1/2+(1/2)*sqrt(3))] 0[0]
1.36602540378444[(1/2+(1/2)*sqrt(3))] 2.36602540378444[(3/2+(1/2)*sqrt(3))] 0[0]
.6180197584990097 3.9966283460669908 -.8310351224810393
.7737890683486406 3.7125589763974416 -1.7771009316743087
.84024198072123126 3.0435894272681421 -1.0367876515185731
1.3832143524932475 4.0363245227234529 -.18846104357584794
1.6054365747154689 3.0832856039246049 -.39421357261338152
1.6947529721925083 3.4681857833843546 -2.0805926619623877
1.761205884565099 2.7992162342550554 -1.3402793818066518
2.3041782563371153 3.7919513297103662 -.49195277386392686
2.4599475661867462 3.507881960040817 -1.4380185830571969
:EOF
