:name
square cupola (J4)
:number
48
:symbol
	@Q sub 4 @
:sfaces
10 4{3} 5{4} 1{8}
:svertices
12 8(@3@.@4@.@8@) 4(@3@.@4 sup 3@)
:net
10 8
8 5 3 1 0 2 4 6 7
4 12 11 15 16
4 11 12 7 6
3 11 6 9
4 15 11 10 14
3 15 14 19
4 16 15 20 21
3 16 21 18
4 12 16 17 13
3 12 13 8
:solid
10 8
8 26 30 32 33 31 27 23 22
4 24 25 29 28
4 25 24 22 23
3 25 23 27
4 29 25 27 31
3 29 31 33
4 28 29 33 32
3 28 32 30
4 24 28 30 26
3 24 26 22
:hinges
9
1 0 2 0 2.3561944901923449
2 3 3 0 2.5261129449194059
1 1 4 0 2.3561944901923449
4 3 5 0 2.5261129449194059
1 2 6 0 2.3561944901923449
6 3 7 0 2.5261129449194059
1 3 8 0 2.3561944901923449
8 3 9 0 2.5261129449194059
0 6 2 2 .78539816339744829
:dih
4
8 3 4 2.5261129449194059
4 4 4 2.3561944901923449
4 3 8 .95531661812450928
4 4 8 .78539816339744829
:vertices
34 22
-3.91421356237309[(-5/2-sqrt(2))] -.5[-1/2] 0[0]
-3.91421356237309[(-5/2-sqrt(2))] .5[1/2] 0[0]
-3.20710678118655[(-5/2+(-1/2)*sqrt(2))] -1.20710678118655[(-1/2+(-1/2)*sqrt(2))] 0[0]
-3.20710678118655[(-5/2+(-1/2)*sqrt(2))] 1.20710678118655[(1/2+(1/2)*sqrt(2))] 0[0]
-2.20710678118655[(-3/2+(-1/2)*sqrt(2))] -1.20710678118655[(-1/2+(-1/2)*sqrt(2))] 0[0]
-2.20710678118655[(-3/2+(-1/2)*sqrt(2))] 1.20710678118655[(1/2+(1/2)*sqrt(2))] 0[0]
-1.5[-3/2] -.5[-1/2] 0[0]
-1.5[-3/2] .5[1/2] 0[0]
-1.36602540378444[(-1/2+(-1/2)*sqrt(3))] 1[1] 0[0]
-1[-1] -1.36602540378444[(-1/2+(-1/2)*sqrt(3))] 0[0]
-.5[-1/2] -1.5[-3/2] 0[0]
-.5[-1/2] -.5[-1/2] 0[0]
-.5[-1/2] .5[1/2] 0[0]
-.5[-1/2] 1.5[3/2] 0[0]
.5[1/2] -1.5[-3/2] 0[0]
.5[1/2] -.5[-1/2] 0[0]
.5[1/2] .5[1/2] 0[0]
.5[1/2] 1.5[3/2] 0[0]
1[1] 1.36602540378444[(1/2+(1/2)*sqrt(3))] 0[0]
1.36602540378444[(1/2+(1/2)*sqrt(3))] -1[-1] 0[0]
1.5[3/2] -.5[-1/2] 0[0]
1.5[3/2] .5[1/2] 0[0]
.69895462209753556 -1.1723880312691412 -2.5384328422940751
.71631783096612244 -2.1721443383950479 -2.5248003318959413
.71733185436194813 -1.1584366625071949 -1.5386990594078665
.73469506323053489 -2.1581929696331018 -1.525066549009733
1.1957057690291285 -.4499238532477666 -2.0575130885949265
1.2376242633659877 -2.8635490889791746 -2.0246012971025606
1.4372072723455827 -1.1364743307465451 -.84494331091526995
1.4545704812141695 -2.136230637872452 -.83131080051713655
1.915581187012763 -.42796152148711644 -1.3637573401023303
1.957499681349622 -2.8415867572185245 -1.3308455486099641
2.4368876194126257 -1.119366272071243 -.86355830530895159
2.4542508282812128 -2.1191225791971499 -.84992579491081803
:EOF
