:name
triangular orthobicupola (J27)
:number
71
:symbol
	@Q sub 3 @
:sfaces
14 8{3} 6{4}
:svertices
12 6(@3 sup 2@.@4 sup 2@) 6(@3@.@4@.@3@.@4@)
:net
14 4
3 6 7 3
4 7 6 10 11
3 7 11 9
4 3 7 5 2
3 3 2 0
4 6 3 1 4
3 6 4 8
3 15 14 18
4 14 15 11 10
3 14 10 12
4 18 14 16 19
3 18 19 21
4 15 18 20 17
3 15 17 13
:solid
14 4
3 24 27 30
4 27 24 22 26
3 27 26 32
4 30 27 32 33
3 30 33 29
4 24 30 29 23
3 24 23 22
3 28 25 31
4 25 28 26 22
3 25 22 23
4 31 25 23 29
3 31 29 33
4 28 31 33 32
3 28 32 26
:hinges
13
0 0 1 0 2.1862760354652839
1 3 2 0 2.1862760354652839
0 1 3 0 2.1862760354652839
3 3 4 0 2.1862760354652839
0 2 5 0 2.1862760354652839
5 3 6 0 2.1862760354652839
7 0 8 0 2.1862760354652839
8 3 9 0 2.1862760354652839
7 1 10 0 2.1862760354652839
10 3 11 0 2.1862760354652839
7 2 12 0 2.1862760354652839
12 3 13 0 2.1862760354652839
1 2 8 2 1.9106332362490185
:dih
3
3 3 3 2.4619188346815493
18 3 4 2.1862760354652839
3 4 4 1.9106332362490185
:vertices
34 22
-2.36602540378444[(-3/2+(-1/2)*sqrt(3))] 0[0] 0[0]
-1.86602540378444[(-1+(-1/2)*sqrt(3))] -.866025403784439[(-1/2)*sqrt(3)] 0[0]
-1.86602540378444[(-1+(-1/2)*sqrt(3))] .866025403784439[(1/2)*sqrt(3)] 0[0]
-1.36602540378444[(-1/2+(-1/2)*sqrt(3))] 0[0] 0[0]
-1[-1] -1.36602540378444[(-1/2+(-1/2)*sqrt(3))] 0[0]
-1[-1] 1.36602540378444[(1/2+(1/2)*sqrt(3))] 0[0]
-.5[-1/2] -.5[-1/2] 0[0]
-.5[-1/2] .5[1/2] 0[0]
0[0] -1.36602540378444[(-1/2+(-1/2)*sqrt(3))] 0[0]
0[0] 1.36602540378444[(1/2+(1/2)*sqrt(3))] 0[0]
.5[1/2] -.5[-1/2] 0[0]
.5[1/2] .5[1/2] 0[0]
1[1] -1.36602540378444[(-1/2+(-1/2)*sqrt(3))] 0[0]
1[1] 1.36602540378444[(1/2+(1/2)*sqrt(3))] 0[0]
1.5[3/2] -.5[-1/2] 0[0]
1.5[3/2] .5[1/2] 0[0]
2[2] -1.36602540378444[(-1/2+(-1/2)*sqrt(3))] 0[0]
2[2] 1.36602540378444[(1/2+(1/2)*sqrt(3))] 0[0]
2.36602540378444[(3/2+(1/2)*sqrt(3))] 0[0] 0[0]
2.86602540378444[(2+(1/2)*sqrt(3))] -.866025403784439[(-1/2)*sqrt(3)] 0[0]
2.86602540378444[(2+(1/2)*sqrt(3))] .866025403784439[(1/2)*sqrt(3)] 0[0]
3.36602540378444[(5/2+(1/2)*sqrt(3))] 0[0] 0[0]
-1.8741109684930389 .29936516540975896 -5.5682228681125049
-1.5878786818170048 -.65469889754253214 -5.4797195244063118
-1.5278429309069734 -.19479718572394 -6.3656575155089613
-1.3833175758334169 -.0016160640688677175 -4.7505847175696183
-1.1909833964765765 1.0147779203958515 -5.714924300805246
-.84471535889051108 .52061556926215263 -6.5123589482017019
-.70019000381695468 .71379669091722482 -4.8972861502623588
-.61851882312450662 -.89335020550873045 -5.5379176133928592
-.55848307221447561 -.43344849369013883 -6.4238556044955085
-.41395771714091917 -.24026737203506667 -4.8087828065561656
-.22162353778407931 .77612661242965398 -5.7731223897917933
.064608748891955815 -.17793745052263779 -5.6846190460855994
:EOF
