:name
square orthobicupola (J28)
:number
72
:symbol
	@Q sub 4 @
:sfaces
18 8{3} 10{4}
:svertices
16 8(@3 sup 2@.@4 sup 2@) 8(@3@.@4 sup 3@)
:net
18 4
4 9 10 6 5
4 10 9 14 15
3 10 15 12
4 6 10 11 7
3 6 7 2
4 5 6 1 0
3 5 0 3
4 9 5 4 8
3 9 8 13
4 20 19 23 24
4 19 20 15 14
3 19 14 17
4 23 19 18 22
3 23 22 27
4 24 23 28 29
3 24 29 26
4 20 24 25 21
3 20 21 16
:solid
18 4
4 35 33 39 41
4 33 35 31 30
3 33 30 32
4 39 33 32 38
3 39 38 44
4 41 39 44 45
3 41 45 43
4 35 41 43 37
3 35 37 31
4 34 36 42 40
4 36 34 30 31
3 36 31 37
4 42 36 37 43
3 42 43 45
4 40 42 45 44
3 40 44 38
4 34 40 38 32
3 34 32 30
:hinges
17
0 0 1 0 2.3561944901923449
1 3 2 0 2.5261129449194059
0 1 3 0 2.3561944901923449
3 3 4 0 2.5261129449194059
0 2 5 0 2.3561944901923449
5 3 6 0 2.5261129449194059
0 3 7 0 2.3561944901923449
7 3 8 0 2.5261129449194059
9 0 10 0 2.3561944901923449
10 3 11 0 2.5261129449194059
9 1 12 0 2.3561944901923449
12 3 13 0 2.5261129449194059
9 2 14 0 2.3561944901923449
14 3 15 0 2.5261129449194059
9 3 16 0 2.3561944901923449
16 3 17 0 2.5261129449194059
1 2 10 2 1.5707963267948966
:dih
4
4 3 3 1.9106332362490185
16 3 4 2.5261129449194059
8 4 4 2.3561944901923449
4 4 4 1.5707963267948966
:vertices
46 30
-2.5[-5/2] -.5[-1/2] 0[0]
-2.5[-5/2] .5[1/2] 0[0]
-2.36602540378444[(-3/2+(-1/2)*sqrt(3))] 1[1] 0[0]
-2[-2] -1.36602540378444[(-1/2+(-1/2)*sqrt(3))] 0[0]
-1.5[-3/2] -1.5[-3/2] 0[0]
-1.5[-3/2] -.5[-1/2] 0[0]
-1.5[-3/2] .5[1/2] 0[0]
-1.5[-3/2] 1.5[3/2] 0[0]
-.5[-1/2] -1.5[-3/2] 0[0]
-.5[-1/2] -.5[-1/2] 0[0]
-.5[-1/2] .5[1/2] 0[0]
-.5[-1/2] 1.5[3/2] 0[0]
0[0] 1.36602540378444[(1/2+(1/2)*sqrt(3))] 0[0]
.366025403784439[(-1/2+(1/2)*sqrt(3))] -1[-1] 0[0]
.5[1/2] -.5[-1/2] 0[0]
.5[1/2] .5[1/2] 0[0]
.633974596215561[(3/2+(-1/2)*sqrt(3))] 1[1] 0[0]
1[1] -1.36602540378444[(-1/2+(-1/2)*sqrt(3))] 0[0]
1.5[3/2] -1.5[-3/2] 0[0]
1.5[3/2] -.5[-1/2] 0[0]
1.5[3/2] .5[1/2] 0[0]
1.5[3/2] 1.5[3/2] 0[0]
2.5[5/2] -1.5[-3/2] 0[0]
2.5[5/2] -.5[-1/2] 0[0]
2.5[5/2] .5[1/2] 0[0]
2.5[5/2] 1.5[3/2] 0[0]
3[3] 1.36602540378444[(1/2+(1/2)*sqrt(3))] 0[0]
3.36602540378444[(5/2+(1/2)*sqrt(3))] -1[-1] 0[0]
3.5[7/2] -.5[-1/2] 0[0]
3.5[7/2] .5[1/2] 0[0]
.28399105429491167 .48741462498623427 -5.9946475368263258
.32786011715111782 -.51162258233419748 -5.9942429215624952
.95939698365482102 1.2248607054337958 -5.9949777155760227
.99038561656913071 .51814695729922249 -6.7017983313107975
.99044857440035547 .51872248566047263 -5.2875848874475956
1.0342546794253364 -.48089025002120893 -6.7013937160469669
1.0343176372565616 -.48031472165995891 -5.2871802721837649
1.0653062701708714 -1.1870284697945321 -5.9940008879185398
1.9584342719190148 1.2687297466011861 -5.995040043578021
1.9894229048333248 .56201599846661264 -6.7018606593127955
1.9894858626645495 .56259152682786304 -5.2876472154495938
2.0332919676895307 -.43702120885381884 -6.7014560440489648
2.0333549255207557 -.43644568049256844 -5.287242600185763
2.0643435584350652 -1.143159428627142 -5.9940632159205376
2.6958804249387687 .59332385914085127 -5.9947980099340653
2.7397494877949748 -.40571334817958008 -5.9943933946702349
:EOF
